# FIBSEMSIMMODEL v02
# version 1.4
#
# Settings
# volume density = 0.3
# image size = [ 850  850 1030]
# particle shape = Cylinder
# particle parameters = [[ 30.  50.]; [300. 500.]; [  0.   0.]]
# particle distribution = Uniform
# orientation = von Mises-Fisher
# orientation parameters = [ 0.  0. 20.]
# edge treatment = Plus Sampling
# inverted = False
#
# Number of Spheres, Cylinders, Cubes
# NUM SPHERES CYLINDERS CUBES
0
474
0
# SPHERES
# CYLINDERS
0	-161.53006825855093	248.69690603272952	1226.3030738842317	1.430740189539821	0.3053967297560757	-2.6431868850537157	33.037419921552974	318.2883674127992
1	599.8151098261891	177.07758591194957	1258.6231833965219	1.617767440303642	0.02774586338660905	-0.8221604814824589	40.800744413595595	352.8723814689973
2	413.49149723081587	644.808820037593	-227.46606685053018	-0.603611252005248	0.3791791497716292	-1.560170924697862	45.53666519781988	383.15199700396465
3	-203.20406091168215	884.1874125853881	1199.3782289907053	-0.16559748191441084	0.4426911455297815	0.46331147636438336	36.39857091386546	461.23562978072795
4	1088.62121553336	999.2862276605119	536.7125301369944	0.03922450436201429	0.2078273123745987	0.05702269529029143	36.03251817411066	337.8090824603273
5	97.34673403685676	382.16421359558865	53.481604876589614	-0.2653199265918221	0.2865403981964356	-0.11443264205047063	41.18598550544357	493.9998876507453
6	542.5587297825265	-115.70173942258151	-107.02436296032468	1.1684314828378084	0.24319920913842052	2.6591347568531445	31.491502763962334	433.17225782415176
7	-87.58416005036497	646.2038317496413	636.6662022551325	-0.10819627259444894	0.4010029563087956	1.8689321136183326	49.02160853518838	463.2818613292747
8	-140.48523007521555	142.8570538247063	-48.884435418691595	-1.5846640653968658	0.08575714675159687	-0.4887391351031395	45.68052953462591	353.0439660828624
9	-94.73845224816282	251.43282110486481	562.2522424809357	-0.9243916517039301	0.26909429051704853	-2.1652969169430714	49.396701393784184	302.92742425222445
10	-3.4263745442534628	1041.372960549673	-51.530141355293324	2.911786602459003	0.1894485169632212	-1.001232047416644	47.54535886985248	444.66577265661226
11	762.1971236706371	-99.49320308794708	918.3795059057659	1.644845477942802	0.23689569705618135	0.23056140127535107	31.670649158676337	464.8026720128215
12	435.62356548553805	910.3731066940834	-154.06447767294048	-0.29549217850487186	0.133731851404502	2.725645718834376	44.98798708693216	422.76796578906055
13	1103.2899483761187	159.0569340832191	1030.013806251069	-0.983131883497307	0.4957957755222771	-3.1239687985404596	39.139997498350084	407.6236870371609
14	221.26306863087038	477.44160182325356	693.94916493352	-1.7760670672444745	0.24320352505065138	-0.23816892992074679	40.04543192106184	460.1674906519415
15	-78.02412559778662	304.58047772800137	101.05073593325838	1.583683663197439	0.2951079726264362	-0.13305327053976906	39.563890687691895	474.8093061176625
16	1080.0234084824754	-5.229469939913088	625.8749985041246	-2.0940164802191106	0.24895596111491017	1.5837102826036897	34.13870036818023	332.966749251196
17	590.0815815006149	-174.40680233846496	420.8068393971828	-1.8690285669792002	0.35352772737650795	2.1772952948400786	41.833952285952535	486.1893276563838
18	1082.9231458424047	883.378709820797	972.0760365682409	-1.0379283966316442	0.1261812655511041	-0.23401387074873373	37.892214004683154	385.0925256105912
19	268.15872992464415	1098.8390955599996	43.10799583510513	0.6030004214759506	0.06970627183042304	2.0463318226474163	34.69689287979833	405.81378944561334
20	558.0119661009877	-91.07938124905337	1184.8145223235588	-2.6141369303662922	0.36405955685088415	-0.2606518158561422	31.548588219365715	341.4317220794626
21	227.69555752254476	81.23035870960265	790.5986291429645	0.3729415643214461	0.3622495487485861	-3.0250333792853206	35.62521036585762	329.1726555083771
22	442.7151803662732	237.3798536398651	-106.35431456479836	-1.6382364837391876	0.045786820378149094	1.4743751242792043	34.07220285736835	369.14757495358447
23	157.8645678408278	1069.0541927072472	-107.94391900800909	1.3078785973449465	0.18734612834865888	-2.262712121447994	31.01011419819473	487.009362394024
24	204.73203944071693	772.0569697870365	1227.3299455634062	-2.205525119179292	0.20888236637150934	1.5452987589640637	31.150282531703844	457.92025278150675
25	123.90836130418572	839.507660062442	33.91376945518627	3.0803374807564667	0.27859522935299397	-1.5599364523465415	49.05565840129573	426.05183441021325
26	677.5597366653471	247.81649503177974	625.7002339437787	-0.23295838728458879	0.6370364118230467	-1.9850947112823125	37.54752994139126	426.61057525683304
27	729.8612539802136	641.7264265669136	377.4082805976773	-2.4996573147786387	0.11713931752150195	0.43143695443281344	32.19019382010739	453.7483347278052
28	955.5535329075055	574.1814381314424	354.6811462094282	2.1489865491071902	0.10807621739791155	1.7363916671628743	34.78318941215195	477.0776566358578
29	203.48593630791336	122.41022811589457	453.3596849983635	2.469275503989883	0.18186865513582942	2.3284445958891835	36.312723536326374	491.7107023864203
30	269.60823563410156	736.6668967808122	635.4762846277262	2.000681495017578	0.568043757573187	-2.7744070038864357	45.07129584080359	341.7708785321207
31	-40.34586640189039	136.21925297855663	42.3118158501824	1.9198270242909545	0.19700471466629846	0.12974661171516735	35.401833704773054	379.1122032310502
32	598.9052108684798	1008.936472385576	68.71496902991808	3.1194172002344236	0.29459365956809197	0.9175697774842589	44.995125532788094	357.15438751113635
33	520.3654633657372	152.686843257439	1240.2558872069112	1.034467559472386	0.5090193216811756	2.2460324644161713	48.93712494654042	386.0070869818686
34	-196.66550761603705	193.57366787793998	1030.6065889531199	-0.07568659920530799	0.39550341980618087	3.061827568928673	43.28620884089701	339.2815219547229
35	138.35102972384536	1016.7057557628664	1073.0712392360158	-2.627567037172914	0.32226762479220766	-0.12061871984905118	45.79060021990589	332.30819555955867
36	503.13334211509436	1018.9087394462779	300.89528388758276	2.5165499701458445	0.35703850841427925	0.29213736125781314	43.78709126722814	346.35452999468066
37	36.16725278630227	279.1982252152751	247.78157429811685	2.8188697639888747	0.19236592729517504	2.7049929849355467	45.208948817560376	453.3584459224603
38	-106.810946968253	-194.08064163682153	898.2308138738949	-1.8912148538387878	0.19696613006352343	2.5411787522082014	44.71904258313739	324.20739009068996
39	332.850933274269	54.42425963629026	603.4661103621851	-0.1590552487758006	0.37820887844924356	2.4072623961801285	40.692875452330114	338.3703314665225
40	378.07254760663045	8.691436390529162	-233.6079558764432	-0.6073586824609843	0.4583828396804039	2.7079038939920426	33.53622184156221	385.90385721105474
41	66.65003673034354	294.78527157014116	946.853552792486	1.9778722596075116	0.3884184374540173	-0.9477862110084029	44.930553815600376	375.2093829415063
42	118.24961245632298	819.698034816766	-133.4655341983854	-1.8156077617320394	0.3075661452740456	2.9405414402238255	47.890064375331136	477.86552679463006
43	780.9664470083567	712.4967632781515	350.02486314453677	-1.0751343709092303	0.15115145460527585	-1.3060069583544647	43.314006527754145	338.91294159216403
44	424.80015169917885	-15.162356269860567	627.6463162658043	1.9817577508074533	0.18801732153534212	-1.382111351022805	47.54554889893981	396.68419837040244
45	859.9494620040746	287.10655939660705	1093.0331918028014	1.3534650108450743	0.2412766082413408	-1.0244599848727447	41.98680657788954	349.72495127254524
46	-122.06453164195369	1101.2903853485743	1052.4401371266715	1.1694737780720756	0.2567438622904311	-0.5167038236292004	39.06371679706076	394.4842156121199
47	668.1133556630139	968.215341338413	1274.085828706678	2.338893263438071	0.3043580984324897	-1.1026648598984403	37.63370910260855	316.69044931096806
48	107.82514766388206	-208.3804818083893	858.6855405282745	2.451469189001045	0.16295389343687489	-2.29877826235173	39.35621356098	359.8365875390215
49	1078.9256664921443	90.75302385311258	912.4456376442129	-3.013903014267479	0.5312276624416518	-2.9617527176567315	38.560108810716926	433.69039845509144
50	686.4956648595858	948.8943576511444	293.2052996262487	2.1184198857866807	0.3614925946822378	-1.8416848980981906	49.59474906821753	456.49725486066427
51	636.0875604560326	239.8213632963614	470.4254810808627	-0.28688874705559836	0.2573637392783679	1.2307771329926067	48.33128768505252	418.6757765054096
52	527.8013579249026	852.1756147448582	567.5661041135829	2.5173938615893303	0.6176638488622931	-1.8648482211308715	31.862574636874363	446.77696870075846
53	996.0336052504626	1065.5827873741584	-196.26789724450384	1.4937993803619016	0.12467242971888273	2.616517728616476	34.59401229906539	325.3291986746851
54	297.5546155435235	994.9896591254944	1182.836272479835	1.5578510525688858	0.08918181268531271	-0.19808001169777276	41.44703028306135	417.1654581828634
55	-224.0132763760436	-30.58877715291922	34.12985404028879	0.41165980827788684	0.14754058836105716	-1.4250261655357885	41.25605326922505	488.10853254525495
56	1056.7050871042265	212.54315930048014	473.74212477651565	-1.3078171091234139	0.4547775795498472	-0.9234798021224215	35.07224692765063	388.517060475275
57	553.3547521371825	278.115579116185	452.74496040582244	0.9586410400419907	0.2661222731644983	-2.967540195194828	32.46071341496363	308.3158545316751
58	727.581462985153	29.481506894045793	351.2557264768478	-0.6497197993811696	0.22091714690697548	2.9074774043797063	40.644545063088685	367.89067124328983
59	516.0426063148121	-195.7332830237695	915.7777405002901	-1.934804153399123	0.5701989596760898	-2.321204513300254	47.271361643430524	439.13761761540354
60	472.73632909603054	733.0686845311677	-216.8611512684609	1.63177142155074	0.11312083159783214	-2.6091210692668203	48.562874862592295	422.9222569608197
61	1089.6895281408003	65.68250213027906	505.2449403263731	-0.4986845856430311	0.24129340329987917	0.3791334808677532	40.77249457330433	407.8960253036412
62	117.00422285492229	933.3001745245665	52.154945722455324	-0.9814568006546627	0.2372186233744779	1.4943539056380113	40.18787956084698	490.2233314252377
63	311.7453894294955	1020.1718995358979	682.7642361738056	-1.5428042074887993	0.5247443231469271	2.8111451976566957	44.095291239033116	397.3766594282387
64	633.8848680325018	467.49120730352	563.1505895358202	-1.299683812355064	0.2879042338915002	1.9928333153441682	30.517547665080436	382.2842673558567
65	-66.94913829312677	246.3886149910259	-211.14169895655553	-2.9749803122585536	0.3791300482179578	0.014054862259509056	30.80526962392769	492.93964420180964
66	552.3964407583153	467.6842744477741	1029.867146539085	-0.017212603611551004	0.21793498376741802	-2.4890349379700356	40.752747693118756	363.39555148050613
67	886.2206069950294	883.5795689119225	947.7529714510831	0.8068314303606485	0.22912667856022326	-1.1792281015596109	32.81639756840753	350.71366106931754
68	-139.65771432580317	779.103501903098	495.7036948278212	-0.6385624770096048	0.456970975638677	-1.3560175794859808	49.96833935240916	498.5018158615321
69	386.1824031389742	129.61787478293363	209.57277142026462	3.140815565553617	0.3176032390293885	-3.0799529955068032	48.551522246778596	371.7971982041733
70	-244.844324895175	-209.82237129986015	340.2365075657534	1.3237432482007836	0.24158642785471118	-1.5031983096345871	36.35013597677324	314.7740429497352
71	571.7777128519481	-58.01738743064638	-144.05615701925547	1.7895531094297614	0.5758275867712799	2.223648030668643	42.83980639824149	327.132123776836
72	318.06048351331947	705.5328677069632	-38.894858026617555	-0.8248957408227452	0.40219506464096855	-0.16260987049396314	49.043497496207856	397.6353861107377
73	804.7516692252825	791.7034262560496	-30.844551365850947	-0.13553063866964382	0.38848204018033516	3.1051837593872675	37.38201034312861	330.1844966062469
74	425.61925186764574	856.3782391821512	941.5898083964466	0.540588653908334	0.33288894253337303	-1.9248840169382426	46.80651435102201	487.6141203620324
75	657.7754146504595	996.816989524564	987.9515646277773	-1.2012849462587634	0.35333280061924216	0.18468732556221418	33.55324417972874	373.5060358047074
76	270.5800905072016	760.5535023412879	922.5586344641501	0.806728987758713	0.35886681822044575	-0.9354562245169017	38.667512766102774	414.5784005378249
77	955.836974410614	645.1608532223917	-49.02511464787304	-2.2003637343570923	0.3733563232794649	-0.5507946440351711	46.384011274608504	332.1571475677183
78	-227.61555559520207	-197.9059475756305	580.9774572686586	-2.845016218093823	0.39975746165765036	2.583759498945912	38.61546973525037	443.00662144673936
79	373.00123108234845	886.9493539956673	280.8911232071873	0.08294719801484239	0.18775772819929828	2.5078617390913287	45.74226077994669	355.07562166360583
80	1011.8542655393023	-68.34416379503202	547.8695521661325	2.001800920428503	0.4269802622506679	-2.1008673550945853	44.24753773188723	428.90027588222506
81	-117.31604956800425	130.353598631204	362.63537767827836	2.786923538234326	0.3498543242383959	0.4151043628175991	40.22262852370429	368.3763884967574
82	226.85938721503626	934.9921178066604	316.5870298405865	-0.7781886997333463	0.32059310141349173	-1.4260734833259854	48.057920199120666	453.6226673923936
83	592.4708875414846	448.13451032937087	681.7035856343124	-0.9229921837672976	0.33062541296065656	2.296132247734818	41.35044043572	464.3861152028364
84	464.8256674996421	-205.73512635284726	313.9597934373087	-3.0693374202266357	0.054756688334273086	-0.2528959071955746	47.80622122363255	430.6904529999099
85	305.01454635531684	597.1694392842198	-177.49833461364148	1.0396932804679235	0.47097542233462325	-0.6587508702293355	45.04680563920021	314.40383830907143
86	444.11981343027674	77.49633414767501	155.65222614798935	-2.405600096260794	0.35590842224855956	2.3753409667231224	35.716189415081466	419.6366817106333
87	248.03613900689223	1021.9564793426064	-190.1476074578919	-1.177680076759015	0.4386336645201535	-1.732543146164429	35.90872563396994	305.67203370738105
88	130.51844017289025	688.1634654073194	208.63963993224863	-2.3300752369558246	0.13275448616117264	-0.24393226648388872	49.476707391550875	480.0896975301738
89	189.79304164897658	773.1536508235536	223.52042753847527	-1.2746214095946942	0.20942448808650954	-1.8001587264088006	47.176581425163675	306.5873283075121
90	979.4035887369807	532.3243498274288	126.16059220113388	0.6761931131558995	0.248954907443337	1.6882101935727352	30.465459837710874	328.9617585818652
91	480.64470023023796	-193.4190217254493	1049.1185907543456	0.8330987505689311	0.19179599096438502	3.1073333932264062	49.17002895609788	407.0742206481112
92	170.97410951539828	70.45329145987753	617.0325077492738	-3.0330974119842202	0.12441960507026176	0.06300614446510676	40.80721980962397	480.10987958699127
93	-197.3018232297248	109.90845975340235	1189.7360946463752	2.635457215561337	0.18010018873396627	-0.6834048969561419	36.7396517696787	489.4795086495659
94	791.932334310344	533.6030758467825	1107.1005213198641	0.6826429838528281	0.15557063894414602	1.6996373862718266	38.56763849938042	481.48619272866654
95	981.8396738896909	70.63900058521475	733.1089746681452	0.7589133996144436	0.2945699092409523	2.858094626671244	45.785703965658705	414.5071765758326
96	692.0630066015344	1071.1071952043642	1211.0152804422419	1.4270249681880989	0.15882702660540252	2.0168989912345174	41.8160426289853	406.76879853148415
97	561.1570955795336	563.6557395064254	103.01102185808722	0.36173113982100685	0.3123510948160305	0.7078851145742011	37.20168764105729	487.06133793766935
98	1010.6959234123572	104.6189629227969	-165.60678190559636	-3.13766301351659	0.2536436324417617	2.964623930184211	32.695679650241	474.8576830712939
99	-113.41163765043103	636.7491904855622	1083.348269911675	-0.857493298718086	0.38724226396363715	2.1260823203907413	40.94394310027988	310.28537259667405
100	40.065825639649546	415.60005514406714	1230.999810721644	2.6160501498809445	0.32800396041300667	-3.087855962866358	37.23076182840045	458.73031465851113
101	-68.32817558260561	1093.7464482290395	-40.864655519365385	0.2935273022239488	0.2440237126643094	-1.6219010968267071	44.86776354860996	317.2309562080983
102	488.42640219389057	739.3537096196071	382.6116123281953	-2.4826456659651504	0.12448612531674429	1.212835513243272	32.772685344906826	440.4666496472723
103	1076.947708979052	885.7824541369307	1084.6585794699638	2.327732982962383	0.23921855653705343	0.38723443196735596	46.534770273666155	333.3581666726461
104	-174.0446792611708	860.2033701820967	99.14247096424	-0.015026422985795726	0.2746202638729231	2.872104207792879	48.72452423243941	387.7764792949239
105	329.77365808279137	834.8692957728426	752.2126973592874	0.7878911577849526	0.22723108107343765	-0.0740784860981354	35.271021439020444	367.53357681393993
106	-44.82214330123301	63.57366237416116	923.8369619095552	1.462149991769102	0.33795276535413804	-0.4308015335531361	32.270925592428306	346.3682932638089
107	347.0093732606383	-31.68106827261272	617.9681350627385	-3.030649746009543	0.24171067651791875	-1.1021276999467509	39.76132550461298	463.66149924570306
108	359.1333457847421	1046.132895176379	128.300503143074	0.9314640737812703	0.4587455247597848	1.7500908621997835	37.0117042375304	349.87145952251166
109	211.41126046710272	516.5829469387285	346.5879277148317	0.7481710262144324	0.341486817712545	-0.061186069025930274	31.88395542534465	315.6595390886106
110	86.21141629996836	-141.14285957813064	1126.109144580948	-1.8799388444471445	0.2791652347879552	2.2053496940449513	38.82639557318518	332.6657398360612
111	313.6391593681973	145.74110421500447	1072.772022584485	-2.3789565182514556	0.6300839228250503	1.1559674353545804	44.18125672811772	449.81393475835375
112	-22.20448546418453	445.7588798366313	476.4970608584915	-0.21726689308600847	0.28423901568495535	2.407046670663129	47.29223882210536	318.2931313437834
113	-101.7819949099596	556.4765996312383	373.59926640412266	-1.1032060665092276	0.263277474034514	-0.041884445104787546	34.83013547476112	396.3219265098106
114	332.88381054282775	694.7231274318649	408.91908607446214	-0.33341116632810863	0.21035710118528553	-0.9712759446141004	37.134159385999425	398.412005230978
115	746.6406014613455	-179.6192165318106	744.4667676262719	-0.22280167761639122	0.20141425769289592	-1.8280228759447648	49.80128142927065	361.1474101739308
116	703.2596520526369	420.0765909851715	482.0220125515697	1.1220301663822654	0.25507061559628325	1.325205341242397	41.947424261830534	321.5851711166857
117	541.8624354251816	302.845612618088	-232.13738904791822	-1.878901603234993	0.23277136609494986	1.3291190528702663	30.97340708970217	302.50660526149915
118	294.2708909323079	1004.751683163074	465.1469039849129	2.527700009243024	0.08894445590446995	2.603692592853069	42.848742727497964	456.47744766489893
119	905.2417285897488	848.6598616779563	858.997670095662	-1.305129431425683	0.21377399610402542	-1.0420608678976164	44.10281975912372	433.8793694252974
120	325.8356975937594	489.29374804646557	-120.42756150202919	2.1763348906487687	0.10782427862343864	1.4920947326171838	36.12876471159971	413.8739399370982
121	112.74805654020233	-53.20438400533405	131.425763111269	2.948095651124933	0.22495309176800762	2.2053288973559666	33.21631918243444	343.0173388232655
122	250.507976501051	500.6994364713805	1007.8502279493869	-1.9211459480568804	0.4670697034432627	-2.0771900168268567	43.681730218197885	397.60227577817886
123	852.0187783805934	932.8356642987826	332.78803047953045	2.19638964986677	0.2360511180420302	-0.32476359234123664	35.55217468357995	451.77035727997134
124	1041.6821490737857	-184.5259818225306	725.9965198081019	2.5156460206937536	0.5361582484813053	-0.9622972693058164	34.62884738121177	307.5041911778912
125	-123.73389369221567	759.2257028580475	1225.359872284562	-1.1668598351742987	0.34251365455348853	0.398448068124729	38.7719802573572	425.99905106370227
126	-250.45182870433229	442.2312234889056	279.78966284100545	2.1403669832417815	0.2106165501481698	0.31683621166440373	30.113057022590233	387.6066400018049
127	752.2360246207235	332.48090759572585	710.9247916209772	2.530173938637734	0.35044382837634397	-2.7304546601504454	33.65116272638666	427.05207322476025
128	515.3596186259898	1029.2858629615002	1202.1774588073654	-0.21859028913168663	0.18351375907423412	-1.6612946388771148	39.448725656788554	360.6247459967376
129	878.862308722026	198.77073951918229	187.34575214559518	-1.1835343232683038	0.19368458617396528	-1.8250132109651107	36.12102205906942	395.12799077737975
130	70.94815798995674	781.6836538016316	751.2740868157731	1.1284766400961164	0.36072992316177777	-2.457474658107917	45.524506075484055	497.6870083487073
131	-202.20403747495897	978.3497832978164	980.941983695295	1.4992318964042	0.25230528608650044	2.8693491094617287	49.754188007790965	425.7487541247284
132	718.6322068969141	230.4061464034286	593.5604522064117	-1.6366778704355378	0.25847653373156243	-2.921152079785374	44.05102758436328	405.8404198281289
133	884.9394527648535	506.48865746926856	1277.8599788627005	2.575734961880627	0.09329471625644738	0.25992738099417495	32.449118274391914	349.63899862585424
134	655.3902756040584	816.2898389411357	546.8126631325202	2.5056196723770197	0.25172257413258914	-0.6323254251463929	36.88105746602663	381.4011599644014
135	721.2269572042424	946.4621119030396	267.95429387660215	-1.6870039844684233	0.37229526350767206	0.2791345811312019	46.4083082596493	319.9441464844124
136	923.3297313355265	740.6921536769458	960.3273432594522	-0.4128140831059055	0.16394909454896178	2.879287175711714	47.801900157228985	379.9249972699648
137	268.12946926402356	548.2568484688086	283.32250251973085	-2.065720249211576	0.2419527605407969	2.3440171382587405	47.10353203676467	335.0681191333819
138	394.7359081383149	536.5763755592357	707.1362156380065	-0.8152798408052047	0.32317304916201595	1.856712940512123	48.441371527910825	327.97417524901107
139	555.1030937416599	1098.8210734163815	509.8742672494276	1.9527734543653121	0.3933702398978712	-0.5527998391649523	35.303991704378916	481.7556953901881
140	-205.02308404692985	-228.54543730140767	1173.4117987888733	-0.1703599443211951	0.08191387799505853	0.9471099018319152	49.308435270496155	492.1387646487892
141	-165.0782562377584	-25.13144008425337	-36.86758014989201	-2.1679569230108227	0.08389193842898847	-1.2706325209702174	36.56487852842253	303.5622445502974
142	277.902565803048	170.98789284538063	-37.522682378156446	-0.8746290053296389	0.3554112045884353	-1.811325838045102	45.39969056144033	400.24445554656717
143	341.7628218187285	890.258641228643	364.34445165282534	-2.242563141176418	0.22504476259009962	1.5860638764437107	34.41975361237831	438.49009301953953
144	871.7565739285185	842.8655682478332	999.2860332049775	-2.8045421482698605	0.19578168165674611	2.922167204353379	44.162442172227514	361.8333097789155
145	693.0412117404909	789.60584435392	247.5334534937962	1.173795611908769	0.22723458247608308	-1.605916429462025	47.39132341223073	450.9034084815688
146	107.78702956626032	385.43190978823054	-112.91662380467525	-1.53232807787836	0.024188760231512542	-0.07241097059299689	42.764540990551424	413.69708742339833
147	489.78098820597813	489.3296343983819	724.7477011109131	-0.259077886312355	0.1934350214012704	0.4555064816123727	35.23738041163193	329.27687632662156
148	-53.5215376229701	-146.24393853100696	400.21000908964663	-0.2341447068997769	0.5452157940414051	0.07922674285631569	46.539197278049095	421.5193156743059
149	-69.2228863397412	577.2089990912656	-44.70156215218515	1.5772306781754115	0.289942286896172	-1.1372918456130423	30.37370063715725	311.4057378649808
150	772.1291817675553	194.24506032220015	164.97430280988138	2.7176731774766676	0.3300829406829398	3.108752103223669	30.074018711187758	369.422154764058
151	271.1776571945451	74.87067364148155	595.0179993657049	-1.046094686382528	0.6691014651498242	0.7092672898532717	43.50841709984417	333.3338258508912
152	472.7578513633381	706.3198138187312	492.2892575719661	-0.8898819371361654	0.24246305943591237	2.2995934397949256	31.068776195762904	459.3433866391333
153	434.0467335526172	-17.862606637130085	624.7272777401524	0.14473284209133452	0.16079780693735052	2.7398705578262144	37.65818738338279	482.77644051957884
154	162.38505489325823	953.5001960505406	-187.20565163150172	2.7844657168399944	0.08426968981383508	-1.9358451944544017	35.49898997378909	471.4693362363955
155	-19.46005722587728	599.0531602412	405.64931149118684	2.888378313994467	0.48536391038085747	0.21658949397740923	47.749090268479264	496.71188949488806
156	955.4346658727754	1024.7082214998827	407.8571333771632	-0.6527729750844292	0.2153699661321624	-1.6463736363568169	45.637885723178016	410.7106079102697
157	989.2288052561896	522.1665653292604	208.76010925095684	-1.3282341765000354	0.06533886863446482	0.15573857585637546	39.88202814613901	399.58068228748937
158	-160.4221398174936	177.50412874171056	956.9604470512722	-0.2693300959081511	0.5077743905415363	-0.7988676573472342	44.827935079648945	308.7401057523816
159	533.8312605721195	657.6283509378088	921.2302672576466	0.8982804021516442	0.12628482253430368	-1.0840801563652547	47.574657525336505	304.7353931450806
160	503.7612827909095	75.08861743711051	760.7806784459425	-1.5355955259884164	0.1309227251070881	1.0880661389991713	36.227647877087975	462.3051642582884
161	-240.21655765237753	997.3723911145917	915.3826567373999	1.6076576251070103	0.22853554855085764	-0.04769261539763151	32.89643785061699	440.76516501992216
162	867.7925035672768	795.8891219777211	654.2871087119712	2.8796484001948257	0.38610585882818943	2.2699510350597203	39.46610646194048	334.9083510232972
163	429.02359801786827	367.4565282141757	-204.8242625150333	-2.4813322737976637	0.5543319364988274	-2.0615595552267543	40.38558998401141	465.6610768825441
164	1011.748724815016	519.2534241784011	1084.5644676847053	0.11667526955642706	0.11862961921413365	-1.71647999209024	48.909821310790925	357.7830206826024
165	146.5937727790957	824.8872190897841	564.1575039700276	0.13075318055466995	0.07150993251943732	-3.0433988791184787	34.51982465658599	410.4793280775394
166	-234.25328953755073	382.8740356081498	1058.1437681426148	-2.096267663680584	0.268146598234577	0.6373940616421658	36.1910208701487	330.2209456642037
167	-170.5453224006676	-55.2459202337287	504.24602967045223	1.8025724683707367	0.15008323272782706	2.6736753441560293	44.72369818098997	439.1461806075249
168	1007.7915482178553	935.6492264595518	199.47034228550714	2.931589343784023	0.3005290682460221	-1.0216720917431945	40.737796892232595	474.2265072532914
169	818.9372417707182	283.20390046915463	871.8457823343203	0.9317381502410528	0.13696826418037392	0.8899557312103399	33.96339744557028	345.90140565683254
170	-108.6233512646285	-223.01620161668797	857.2737662369661	-0.6676453911915898	0.38595197821333566	0.26462903475642024	49.54723330788577	474.2995205441937
171	1062.555032605672	735.8624407158591	919.1762118833003	-1.3523299248725957	0.27621420797777524	-1.184411505128802	36.02810863097048	414.35982637925343
172	444.6035307085983	382.09298761728917	520.4123435780247	0.450519153142637	0.12257446082645772	-2.6924292587962295	33.0499074176973	380.9684805125862
173	302.07287726879815	502.20677673819	-243.43302954762825	2.863200556863617	0.18634389508389052	1.8422043467745755	38.459196336553255	417.37509354068186
174	414.2289620927148	524.4929583736941	319.9163204704637	0.3993129360049442	0.31843282338976103	0.7578746169567315	45.435873642789296	350.441632355636
175	-98.53763715180963	-156.44049458742063	-141.7542841514579	1.3389841864122876	0.24506037405188238	1.4302793489123737	30.099816688644655	430.6377994088527
176	132.17742952956198	1065.2634786539118	693.7657980450631	2.5296910093266782	0.24170033325961118	0.16975051617167247	37.993200734601324	484.82706117063077
177	873.2691471511396	913.387363238337	804.7404661668577	0.7713554294270604	0.5030578643628051	0.7707725092511873	41.156542176486354	354.2892557601943
178	171.03633229097645	404.170791907355	663.5904879425274	1.7195598383177246	0.16984825134359002	-0.24105348254676193	34.56795993293017	392.44625809519823
179	636.8389563911103	798.3219835313869	545.7630234564143	0.11618151805211055	0.43965672931674193	-2.854281453592144	44.86822495789372	334.4160100529068
180	3.017484110840172	499.48837847744073	1188.8147911023482	-0.725705340239853	0.0915487046000099	2.9970215742074746	34.33432647196864	330.4096794043876
181	746.1828637291117	-30.07511027485222	-237.25668911301818	3.003650320295255	0.38339666465761807	2.3444711466496964	49.051823461080645	341.45118912556563
182	-129.59466167079654	-175.69743329797706	691.9715116969359	-0.21505230551137106	0.39763060863971006	-1.0687046763465529	39.59395370468957	379.5493430089413
183	929.6782070691193	-233.31321735646682	328.37043462393933	1.218330906089801	0.12925121309370058	2.4758506099432935	35.87225386780573	433.1969046933769
184	432.07166887000164	1039.6239016059735	1149.2488423640154	-2.80154868698928	0.07432030430949951	-2.0812507740028203	43.708587337604826	400.2684001773373
185	-181.74030919169266	-75.5180344246404	-254.0453408880412	-1.2546380312130092	0.24457749674192522	-1.5220330664230997	46.51208151902744	315.4040940990276
186	634.5524927125772	68.58921844928014	260.0597578555062	-2.1847749177709224	0.29883197105451803	3.1353738663427997	43.128601695982354	487.80784060673074
187	64.79150523767944	-170.61262025212815	982.6342186417037	0.19801523268472387	0.22418612908876662	2.411359667875049	48.20040966476263	397.12780116574095
188	672.5053319283677	622.4945395120278	410.22333239395095	2.0696050793398375	0.2171168073417031	2.335147887560607	31.331685596786066	344.9306837700339
189	699.164921066309	477.24519961858925	210.1977523816748	2.2507485953441715	0.29646506135624284	-1.4076901186363329	32.362799198357656	498.39955458338306
190	396.1566751471521	-78.60206049047017	-71.03182020006591	1.2636222454975252	0.07592189459391094	0.025678638659621833	30.871617442793152	327.1401696438217
191	398.6337838433785	931.3176756051771	55.45875773572388	-2.428558134561427	0.2984505497398443	1.385731889356643	35.340165644033675	300.53452088919266
192	-105.59339365233771	320.87050750197704	808.3858785185821	-1.8335928961187777	0.23850409488272672	1.188333915682963	44.05164740936084	304.50703389228823
193	-161.6265594899936	123.82622154963676	504.01196873603317	0.6185259700614633	0.5219632698239636	2.648214343001208	38.31825212175697	450.3020556658966
194	413.96915478811195	-218.64821735111892	1064.816137159834	1.592621372219881	0.3013312216253909	-0.36068965394306934	43.26690619925455	456.0959490692122
195	198.07847264264612	608.48426457369	236.81116537232012	3.037387385472644	0.3737284311180287	1.0532310287640838	49.04435194244476	414.6058763090265
196	1004.9209107450579	608.5970418909902	-11.714789614890265	0.042544678793497534	0.24099014799161808	-0.3010532260099448	30.683943493954267	488.57940180604436
197	862.8760098950897	525.9182040797169	577.7489103869934	-2.7851114144268276	0.46683184675519174	0.194313947398593	36.04021782908872	380.0941989725934
198	910.0369013873737	594.4396705063801	932.0451962913814	2.95591167057257	0.4815329493574225	1.4259673115743174	45.455464132991516	398.54034850024107
199	757.8443290666315	641.2936696839506	815.7695209846568	2.2214544475962534	0.18482318400226155	1.2619799729604628	32.426378313149094	453.37520131293195
200	-3.9281434314717387	-37.816394550584846	-116.98829000599889	-2.4230325955001746	0.2545709075922482	2.618144557242727	33.37142007821758	303.64386856093495
201	517.2091869297	1037.5514988890693	494.09106984517473	-3.0311762738017043	0.11669145845924045	-0.15876470750038002	35.1296119641068	342.0725981862551
202	718.3265216877945	751.5749715325298	991.8541261287287	0.8369374980513675	0.21107062689932465	2.276936847957655	40.75800087016813	496.2863612279012
203	744.641467680469	182.4020802690304	811.6416777879069	0.54016405350596	0.19372803349419973	-0.3693585704276077	35.15807710444293	424.56242012663586
204	1039.4264022251818	1010.2158237573474	-113.1089882765134	1.9556915171269267	0.12371695294834671	-1.2292295720759594	35.97071740199651	418.04822590888307
205	988.8479348584681	39.29161218441945	229.10708386144105	-2.952526162691386	0.23902794932790222	-1.1490719627594088	45.54489994653833	479.2638013567687
206	230.2360092285913	1097.0927332479212	82.08908885976356	-3.0730179672401516	0.2889955251096266	-0.1504204392166557	31.720187172911054	447.6734886886452
207	-18.590027301302342	211.16895224114748	58.67271884166743	-0.6446297617945593	0.31429051133565594	2.7109073189270685	39.87560691978978	390.77233397639327
208	1080.2173111974103	-216.26624964171555	-138.45968362637967	0.7048203043961887	0.17548841988607777	1.9562319271468838	48.336338879059454	476.15880225743206
209	580.3483547792113	436.850255795268	565.118432863071	-2.394316008013986	0.44411285015196666	1.9467373720658794	38.49457287895136	398.6516601278774
210	204.43620868662325	573.5711588324698	226.17948778767246	-1.1151382841580313	0.215019223002316	-1.8018594896547893	39.32780923015231	430.94012983246597
211	163.92941394208222	545.9509869889126	354.9870599720955	-0.20805648230492335	0.4055559535967746	2.249705491192381	45.69085955694587	394.2536779947225
212	169.21830489748388	154.64815302086274	560.6203730654253	-1.0589729534181873	0.12790170862723135	1.393138574978821	36.78972098528388	419.5742071657853
213	195.19561492323024	1017.6772800181825	54.54334621292625	1.9950615184553344	0.20634263025977043	1.565583440962523	31.699682001811386	451.17418179411266
214	598.0595005652007	768.3794362380091	-167.31030690373262	1.4343313827082709	0.19939371507937895	-0.5103456026550587	37.14632433023307	330.8963600879023
215	815.759488423339	-28.06713891226184	-176.51289004877196	-2.7561815179310756	0.2754932226054758	-0.9903711830105604	47.85155765599001	363.5134065145444
216	-93.02572400430469	474.96833610904946	17.735820737285593	-0.5194435882578354	0.20257594417234592	0.5088749502944001	47.73166795668267	405.28692765479553
217	312.54219769595693	884.4335091624525	134.97096012251987	-0.03939713111669219	0.010613861062744373	2.455963739450372	37.467713508203474	418.16686586258675
218	734.708890107653	953.9862703682772	1083.4743115536742	0.8738400069758954	0.12030197638001841	1.3318065343939127	31.074238503436423	427.17588596076746
219	1045.9106583160171	857.335714229348	6.512960637237569	0.8607101381957023	0.31922198636448035	-0.8636067421845735	44.908891296463565	436.9604886257669
220	-196.16293013339214	-144.08855003529638	-50.99853491341008	2.373447642125014	0.19259087968606406	2.6805365841448276	36.596643066269216	485.94092329186606
221	293.27529233861605	541.0819129488945	970.1397547050624	2.8628608633925094	0.574112236822457	2.4137293123739916	49.90763838793823	439.34695903483885
222	827.3536959312976	165.4437218224277	1168.201598842939	-1.338463078498854	0.10188211722527503	2.289560689672756	45.77155561886472	473.3904174615375
223	921.51612727629	436.61682842268783	634.9473895505046	1.0922764929631363	0.2701986792984041	1.4785880784563	49.01426715733909	306.59350337927975
224	-143.44784424098177	300.11164539338836	1025.9037775850275	3.124111763592803	0.25181522643248927	-1.7687226597728165	38.92241147625219	320.28302977534815
225	-193.7019312037325	334.1108901729849	-151.05058454205462	-1.3379069330742788	0.28598682072088116	1.711030742290207	39.74214925281969	395.4355750753949
226	-157.68923114392388	-216.79180677466792	343.5213680954489	-0.31467088720034325	0.36226615211674107	0.11612128640885143	31.292020321037857	421.8281910372597
227	398.54047283652403	1027.7161256184354	555.2995525166175	1.0585585366644876	0.08603118427318053	1.2217990070146956	35.13880540557314	354.1523073705263
228	179.46637112175623	397.7027028674129	391.7369068738815	-1.4391765141881359	0.5033623550548219	0.6400566581161609	45.14906168620048	338.6993225021189
229	925.394345331662	595.2195791069389	890.5928890516398	-2.3887725079137674	0.5258191950983342	1.4670718429053295	37.07043350585864	302.36337542294063
230	658.5145297376281	-30.388368864139522	1173.3705768718798	-2.0492837850587833	0.11782882009529823	-1.722113138323729	32.866774627938646	357.3325458305537
231	568.0179764431156	-148.1241566632177	543.3155415017426	-2.8774243114454903	0.22457966142145672	-0.7151706751120853	49.11410997634857	474.65195570379194
232	14.312044172636973	-31.425328668782697	700.9401572770628	-1.638823381148875	0.17554110859351593	0.9809161894457515	31.51017393352695	482.1011841401729
233	627.1257707523946	207.84393290021572	721.7306717276069	-2.2524089740985436	0.41611198397970145	0.6129547872247789	46.29082190401532	383.03336300439014
234	987.9047707743969	663.7437830796667	721.4639494882234	0.9172054091854254	0.12749759453983794	-0.31711909902554797	49.32862575558956	444.197801226125
235	1057.597756338162	50.54134232760427	907.6804344261193	2.663261972421091	0.34810866799730167	1.6547056858229852	45.86065792380731	458.3577255819448
236	733.184807543946	569.9643679330175	751.5286006879076	-2.3760318645432363	0.1317108774834912	-1.531522322973838	30.250261449493237	444.670934463926
237	938.028542877548	313.429494221568	743.3808465604947	-0.4560108721605786	0.20997508633487708	-0.4183788743925725	41.253172174422886	308.1977555917158
238	964.0533107281876	544.6894936523149	206.9274030469796	-0.8911055200935546	0.2979773846280782	-2.996952526775654	39.45715014596222	471.0306584017221
239	267.5287646747787	32.33345926376282	-16.588698246277488	-1.921151011953402	0.16813309848030408	-0.3738764794939382	37.90208898315063	492.53108750328494
240	570.2086193514506	-78.4955083257272	1050.510796097019	-2.5183561324896697	0.5603262380485239	2.6852655516904673	46.458028755529085	411.22184627401276
241	1050.8601690552346	147.690621065922	546.2150903785088	-0.9368264268841267	0.39161104541783615	-0.48554301178876386	40.80257233128737	402.3376022788182
242	921.7011455547417	953.0859577579279	499.7033663165664	-0.6456663038766248	0.10305256870763141	-1.681817191923009	31.180331689189515	322.69210334359724
243	435.967004228027	264.9894800897413	611.1576099723397	0.6859138893213498	0.19800641038284877	-1.0174335048416634	48.68595638990735	487.7502077614198
244	561.2001122689563	192.35091597840963	908.410305834074	0.6661465214142537	0.12227748034427544	-0.4077897192986236	43.31843871215587	373.49728599415073
245	498.8713971969943	-221.0088790267015	795.9082159543709	2.193671993729577	0.35421188824245914	2.2357422115691543	37.673329337542505	386.7283401237627
246	938.2882081311832	1072.0038295830611	-195.2738527780204	-1.2530391008664092	0.235227506366434	-0.4882992801163795	36.96101408828624	364.03269806709005
247	910.8647293334004	583.4101893727714	610.0807741737295	1.3647385462246593	0.13130071485725947	2.9616659977303694	47.47647572747125	447.57602651328864
248	858.6439722785931	-126.08059594697647	1020.2303786659384	-2.9952670462384403	0.28536113350604236	-1.0850821169478269	35.16639473192446	352.04554771358795
249	398.4920037651634	144.2918862587667	822.6130499888441	-0.038986501945437874	0.18663163033921812	-0.2841975384317703	32.917970005619225	456.452476040215
250	180.2155266195294	530.9991313124942	290.9772566097571	2.719873135058647	0.29776751209659824	-1.9620976367086977	34.227443271138974	429.65408857768836
251	417.21447699888927	36.5388751883543	195.21243169191584	1.2536659402307013	0.14125879990021706	0.6098238607499227	34.024379811539085	325.82872601272584
252	958.522777783091	-74.87185851478264	1103.7294893810388	-0.9457740590112806	0.4870584363004481	1.151756690800351	41.57966356880298	421.2973128614017
253	398.22668093379855	683.0702950828758	-186.86375812231222	-1.8784486449835527	0.25435788125963016	-1.5576734901634055	35.07024832268811	488.16490247273134
254	554.9305050441882	554.6816024915088	209.17942193664007	0.7403046157035408	0.11967634378949439	-2.6191210385861536	34.83553244671859	301.7042371737079
255	39.57996418453226	1053.6655740981178	-41.7624547248557	-0.9679017980747429	0.04194319369927101	-2.0859171482466183	45.46735754019646	443.0056289104662
256	715.5863611664282	0.27459527541870443	1097.5122953444027	-1.9248322456064149	0.4666529726372408	0.6385412585269091	32.563007908326014	350.9310005242115
257	216.65299870529574	418.13757413906615	134.467526236218	-1.7545403322538882	0.30518210735513696	-1.0021219323357926	45.83168750788144	480.0360840296279
258	652.7388713788907	159.30433879259212	-31.017742912560692	-3.094739205266919	0.32255458929465924	1.9371910765056604	41.53983096552562	374.75720405410766
259	813.3613897229791	1088.228859917393	124.94724315773172	-2.9266046112117987	0.4647867585781875	-1.7566481685154374	46.346157042861684	496.7552140871408
260	569.0768256987799	1101.1091941433542	124.32612815014093	-2.923008669773876	0.24445996958784227	1.6308556854082177	44.985296252580035	356.04634880320486
261	547.0721745071154	541.5327123517184	225.00887836595084	-2.77398098820844	0.4016138173269061	0.14859313566084398	47.15282705489227	311.77619443606244
262	828.6964072541628	1084.9899521596062	645.3341992989915	-2.9699611500703247	0.29267116096650636	-2.5502931218847515	39.710851716348124	430.36673509153536
263	817.1678111310928	902.1082872734478	894.2849896356588	-1.4731452845135549	0.4445438401929214	-2.3522570475467806	48.504843539505195	304.9093056568471
264	-119.17374917161817	279.4417751677066	615.0548785362239	2.508253863009398	0.275156967683543	-2.9082697375020774	32.944460489819555	471.8936127159742
265	-47.19139959595955	353.10337508105226	569.0015956289798	-1.8406253868190188	0.39922502686298	-2.312125055576313	31.648344730694046	402.4481189336324
266	834.392637651852	681.0694570503381	558.7246445159757	-2.4406118412048614	0.25614015169194665	2.755212524875955	39.19831435476779	310.26333798702785
267	641.2972419031978	-226.97196920241868	954.2122428180023	2.5058780735196615	0.2595552466913688	2.554967297686026	33.97267650085584	323.26671323799366
268	414.73189829256285	786.861275099473	-142.8539041359598	-2.0439077546789375	0.3284037207677191	1.6503454976212093	41.0744318385942	375.7462798077056
269	425.9980108599242	842.2907365499298	-92.5804541719942	0.032557093356582585	0.1326920128218535	-1.022895982432159	30.99714229930252	456.6149412297624
270	989.18788924654	1068.721059424941	1114.4702358615223	2.56015317074679	0.010310313965867917	-1.0108183489562086	33.748470320756994	323.84304685912105
271	550.9738745845434	1040.3409687437181	-141.08852554119414	-2.1738736436234447	0.11050816473594778	-1.4435537250697907	48.430493352777994	469.4047409530192
272	559.0401603662963	-238.34774132717757	-168.72837633725885	2.0728697259299413	0.07503973530104853	0.6607016799995645	39.72172350526589	315.0109369949086
273	277.01025105289784	978.594747281157	614.5091002768988	1.356660628280858	0.3158574524462897	-0.1539836581177633	45.26503143600668	496.8224545778502
274	162.21460669681395	1066.4570500541088	897.1128524231185	-1.045564135742157	0.3674217329543899	-2.0395639246624855	42.846508425909704	401.1050469988785
275	-172.28202628429386	-162.7492494040174	706.2388108345057	-0.882028839400029	0.19128283504842253	-2.943668225247595	44.17577420805375	489.6764213340788
276	384.21029035499237	437.12881806615314	1086.887928949827	2.7883107323893004	0.5394252327079556	-1.2303776137182194	35.685395360758214	426.5257495232877
277	-191.71469112820176	-12.995600663224224	989.6810416015694	-2.5085417594321737	0.32807976988448695	-1.3961954874745468	41.728563512260536	476.3364620019425
278	289.2404174841922	61.37945830472043	396.52934020206555	1.0319201322389853	0.5384190578583024	2.521521438089472	33.142284184174095	472.35633962739155
279	504.17684138952563	637.2657188080212	353.2426655156369	-2.3959823028356664	0.3920865594950471	-2.9352087685956425	30.65938741303247	331.5086030708841
280	159.9834340191389	247.30774388680217	525.8799915086	-2.3336528818264894	0.18198296405755923	-1.319505788422612	31.45521989974163	330.2604496838721
281	569.787172028236	299.16156936589755	403.44956850066137	-1.5686724370072274	0.4153398619681616	-1.6855178627508667	37.18864524512148	412.997722856725
282	739.4622167871028	295.8300358910026	1068.8753067419927	2.9896444294535742	0.21795169112887924	0.6088056061989159	49.84978971036845	333.3636056370817
283	685.8263588949678	997.057146929495	-178.32616175037953	3.040263847557185	0.4743662351843627	0.11909214671948393	46.683420241997325	426.48117805983327
284	582.5114985839974	-113.62419344528269	-10.447682307662802	-1.1742652285620079	0.2660528609665937	-1.6732176105731462	30.952727019493867	436.82548584130416
285	-58.27723657018649	686.9004966358135	247.99290758258545	1.2513606830201578	0.03543343916359988	2.9578640268368943	46.20478569743695	397.49649851051436
286	1054.9600266561972	385.94385514614635	-216.48311096279653	-0.6127453344987315	0.005354943051282585	-2.935648491505591	42.58595990311635	457.33484731774996
287	307.51190818399573	144.6470680336541	1091.5063942613679	-1.9891411900157803	0.29587282110893154	1.9797202580429707	39.33404073254968	351.1374453361912
288	1010.9390002494581	-184.77404204143892	-245.84286554116255	2.4766556430745026	0.11537879687280189	-2.1494717653426787	32.3368953625194	322.3311093313753
289	237.92897785253055	625.5772269172951	475.56085534734416	0.54806424555916	0.3238646029517742	2.1570694641637616	46.270369762657396	432.57007104384996
290	531.7984436948072	613.1869179234461	898.125593130077	-3.0187190140106592	0.43807779346130193	0.9439958992729329	46.77311005531218	430.91114875164783
291	163.6412166303563	-212.76492030270612	567.1327668742881	-0.8870343780620003	0.5281429423691325	1.780381208327067	31.33947619889159	456.7274662913775
292	93.39877256176689	333.48402975933163	1033.9724427367157	-1.450908323226375	0.5570023106827475	-1.5541594357900907	30.213170440775112	499.4815494400142
293	-205.6174438450383	169.09001056589008	191.84371137933275	1.2215868660635247	0.17236019941500333	-2.8766475825967373	33.76519879167133	394.1884405589385
294	1019.7162568413614	417.24794361014006	1182.5935055788855	-0.16764367855428502	0.3167543233968945	0.13395507689543876	32.19203679392992	302.18640826547585
295	-48.21092075553807	399.81382494518925	432.0305916604917	2.3137974364962233	0.503265611240896	-1.0997893990875083	34.71473470739723	335.09997983196797
296	440.9089279265355	-231.57404217035133	-18.86837140100738	-0.015119604557678263	0.2638046417247052	-0.07314192358597918	30.495827636691672	429.88222252606704
297	758.4460986833639	471.6507846226127	1067.4251048334029	-1.827248064009319	0.4581850019582131	-2.720215457256989	47.068579873554114	309.5368759417245
298	517.7108289141092	75.80905990967707	872.1809250149781	-1.792027054021536	0.40472194439954573	0.37913972139468427	42.819573409468944	309.6023617201981
299	599.691229753614	825.0397129242479	511.3937248762602	2.3856613443746775	0.25529129474813655	1.1712055366965866	40.97452624197223	476.5921171889579
300	1086.9458853843726	916.4516582158458	1215.4639922806687	0.42766555056218003	0.6806137633613497	-0.7042450156822301	35.42526094958	452.1461376040463
301	247.7900200168722	281.56267139644797	-72.78521361676425	-0.06545888763898604	0.5240519196227416	1.8032743338275337	41.98512715585492	493.6834288618892
302	821.4082263463208	1016.4936036045954	-240.25982748150054	-0.2403568790275214	0.29368346816992524	-1.068672156025816	43.899876958163034	329.6666845362877
303	550.4494365320949	1098.6700049162828	330.6329804839337	2.0240713873767735	0.19172261981619415	1.9256418987941166	37.636631069462105	319.32031385055933
304	632.1115110433353	699.6604452093452	478.12638084939545	-2.832520325452718	0.20493430036807297	-2.747159206611119	32.7663804954579	329.41692322554326
305	432.5521338277332	284.2677600730292	1122.9707755399281	1.5201674545653407	0.4388092316192234	-3.1013805409524555	46.384979276641985	467.0010858974496
306	-42.477221854625725	-169.90504736755844	826.8585072374731	-0.10697876153593128	0.4142840351312402	-0.15655992117598339	32.63965433641146	309.37005329403604
307	102.22777120123985	844.9662616230821	307.79575800468444	1.050097507083972	0.26367719448164856	2.765899748835798	45.26962282243028	442.40281295088107
308	-199.7352222525029	845.0009909511978	883.7172764163774	-1.259590806187479	0.3323130320986282	-0.5906094618788533	48.45662392132508	336.1480330682628
309	377.228430358496	886.6024318298973	-109.05907651098761	-0.7910910657799105	0.1753178724712712	-2.490512839821919	37.00977283239311	358.685498361709
310	422.82612552982914	812.8916310420409	368.5740622744345	2.1991904784778455	0.6097965449211659	1.1198535058931776	37.5615432462113	489.9125852013338
311	458.7007064627953	601.8170150847557	1212.9563265060963	0.8326606825004387	0.07674412147707878	-3.023315142856398	37.884091050172124	491.9909201146738
312	-189.21969199131595	660.0598007863435	1219.36351957428	1.7791128132558216	0.12706953112914326	-2.373735250087566	30.700282861808542	390.7551763003242
313	374.2171632897779	743.458758730933	745.0045106587343	-2.7691567934835573	0.4130368667254517	0.727710957698618	42.420322106486054	403.2315725689655
314	-4.026089786403162	332.191921983395	216.97651625482698	-1.7083665682754623	0.41427143616280826	1.9907716514406146	48.027345154548456	423.7739725537458
315	1029.1624730275098	-33.63541412010909	897.168796725402	0.5107601679860239	0.31758249095242114	1.6060501926178414	35.5908775637691	367.57917353381976
316	1005.031695402427	-186.69015720095808	47.85066853564044	2.115894630576443	0.496990557289325	-1.8214591877853776	42.52302517215749	397.1615227355494
317	-1.0645165298576842	439.0599774360028	930.7750004778084	-0.9418012927692818	0.24136846373266876	-1.6384815990378465	30.680230357696047	310.97215114043706
318	617.2820794813418	-184.22275170694974	864.0448960725057	-0.022779159673970113	0.29788478153691145	-2.742180151356625	49.20352276796585	393.2827026784171
319	1096.7532861470695	726.0039688268065	940.0513288850364	2.8316991989687943	0.12208343719914617	-1.0677723169230477	49.59503022139454	461.3347690936774
320	846.8586064762728	987.8712612241752	1008.9279613791016	-2.985027645053535	0.39132608701084937	-1.6701775388901692	35.780851107480956	426.101091091249
321	-155.89722986540664	485.5890367947833	699.3542037021018	0.0030359608858889662	0.43229269411748755	-2.3249195084311562	42.1103335740206	340.8598077795751
322	307.1017119847155	514.8892467569625	869.9437248761722	1.4989132102207672	0.4592649519088869	-1.4028230185187225	43.70736535974949	413.2933514569815
323	797.3723027621161	838.9742964687284	632.1833083239909	0.33022338240463894	0.191064132886799	-2.9334119884881655	36.752908582373834	441.3585951637786
324	1056.1843723620793	202.7928235334953	587.8749684984895	-0.7332736413440417	0.27034160763247345	-0.44294770169689374	44.44152147770625	454.80068919320456
325	-89.63082224973212	-104.6342002385226	218.08601087093538	1.8746045683649155	0.19537533065997123	-0.2654125524720358	46.06917270576183	423.16532102471785
326	728.1118556886694	353.29755526830695	-190.7136732580598	-2.4160420525545807	0.4667453275294257	-0.08775558648087183	35.950879405144775	301.6362683600158
327	580.9474963112168	567.6873037219128	1077.1059791195835	-0.5505421296217072	0.1468767292120734	1.7187847242882417	43.60609901083052	312.89700944944633
328	610.3837868741207	394.4052444970778	1215.4494139281592	-2.4924651377133116	0.11932025373064772	0.24096699877180325	40.76463628945279	373.8499929592331
329	606.399423009517	717.3268379810138	409.7788282606215	2.0432703616700283	0.19849797861425392	1.2018033410670281	45.268514279041796	463.14070142066873
330	582.7435495748277	-70.35817499796286	420.4018175283675	-0.5544378115936646	0.3085408434191112	-1.7474976353600644	30.329887360702095	427.2436775983792
331	135.80695077171035	952.0539044839534	843.0730211180125	1.0329749625640767	0.5182365315177813	2.119861968653895	43.15716904833977	322.63810582797703
332	813.4402704763247	1059.7795553357757	-229.0651890330116	3.1152288018325596	0.2137328954183195	2.858672065925398	45.65773276699441	441.1721961865746
333	1101.7868522549984	277.15980867366613	838.6465086214048	-0.489238961277022	0.3732105050551363	-2.257034854920205	36.196688352404536	486.1389425238378
334	999.2833050335794	-253.34678982250145	444.77021642437956	-3.077866341942859	0.3655151091606639	-2.5213535361684682	45.595885468973336	366.30804517481545
335	300.3247729013816	446.1398820645285	478.20903909406945	-0.2709208284304297	0.44687305103264785	-0.7145961368762833	35.92942102806514	312.75806490546574
336	303.9367093445019	268.9780871506173	1007.2693911655012	-2.881718309722427	0.12347642402723329	2.2348948991033626	31.057379368990382	440.91398013936157
337	748.0320471830669	216.11286541965356	-45.90523919304326	1.3309674249555647	0.1816473170823761	2.1182372384293995	43.57956283803705	307.92652084563974
338	667.5877175405483	0.49780423527431594	99.496295479412	0.6249467430019172	0.26084575882934985	1.9102088769480545	40.07353606904503	346.4866472917853
339	-69.23716808018705	808.9144961889328	-244.7191593346169	-2.054689857831598	0.5085240098106194	0.4414985657821175	38.21170980355431	371.1510983321691
340	742.2546488652441	-115.52607312218305	693.8652446319766	-0.9160267331584929	0.06534454177850403	-2.327664457101115	44.96711124566433	429.7509477464183
341	-29.504305109828664	577.7934131084317	811.1145309241904	0.8754763533929643	0.12900453061972997	-1.032564657614324	32.602607372355436	472.1918789957799
342	918.2358859091057	-159.0004419020135	223.17125408962644	-0.32938546089526294	0.284388746994799	2.965913102341289	38.22475672584078	412.5111006434633
343	977.513842210345	-181.13449938244	910.4335141478648	2.5016687025966586	0.2826393321717957	1.9828313794800947	40.09711202082132	451.5704959521645
344	642.362273148075	393.1969005599775	368.52507607179905	-0.19123802917932883	0.6383413858706003	-2.565932322962481	39.310456360571834	323.53425233938384
345	-158.47191102535237	312.3880520718692	340.43814642640245	0.5935417286533056	0.20074260032503832	1.5547229523149466	42.88819408807466	344.36415394600385
346	500.6689255044057	-26.47715662776747	1018.5684087195996	2.465222477607422	0.33723983226948645	1.3358928342704748	48.16395433003886	334.1569439753004
347	15.732059593492664	507.32882526730316	875.0059885645535	2.4293963454079432	0.3060914281915234	0.18507928321055617	40.03686763617914	398.91669592263145
348	957.5611068312455	560.8003068418858	1197.4390157725372	1.4381276605468147	0.10218056483411755	2.0532382345380915	40.971182454312746	479.20441901032666
349	684.1939792186055	424.9827991668509	518.9920477673069	-1.781262880843718	0.19110885789255436	2.221126350797544	46.748869559033444	354.5968534452171
350	803.7463719686577	50.7680625429866	1173.1048904164256	-2.296508789808999	0.6299799468762832	-0.8628397655094917	37.325074086528296	460.71664545924284
351	-107.47230521054317	966.127478267844	-109.13229344435018	-1.450078986036747	0.2514194051624717	-2.402053947779386	33.18459273288296	452.16132023679484
352	317.53291334877804	-1.7805385709643247	803.1899510808526	-0.694487900608432	0.17607992869685957	-1.246794085861976	33.3380001937843	478.637578157309
353	718.5236691529699	6.876328020689954	1241.0560867468193	-1.7189126846948604	0.2494979972527121	1.61649232804558	45.95280518689908	352.0990992996076
354	707.0516565762251	-25.702994354523582	515.7107842748323	1.681973591049263	0.3905339480647837	-0.09746990880429897	34.585572295208024	388.39250969891896
355	621.8419403758543	791.3983057945447	343.27293015808516	0.7219089651759524	0.3928182730722966	-2.268062914708481	40.96731152130063	302.8784428142401
356	819.0032638556622	980.0433821446647	297.34604759818785	1.8404851911470912	0.3064460085216861	-1.513938483412938	40.39589109205553	465.6514408405926
357	-64.59697556367036	434.48483074136163	355.3541369923712	-1.7970963566166607	0.4229774429853479	-1.7089978311397225	49.0613666556025	386.984390036449
358	632.404353612363	347.81652769785785	189.8307342028372	-2.019637840988689	0.18289253764731933	-1.3940995919909842	32.28854089595785	494.62216511439703
359	959.7537347508548	705.3580539839437	393.031660159402	1.8477777661597787	0.0522293366371489	-0.41276658465700516	37.12430269305446	489.64925578789337
360	1010.6319297215314	292.5245957008748	-205.69734802208873	-2.070910547329005	0.1710182336228815	2.0245180517529002	32.76039467715224	307.03749009055167
361	-230.65060837516992	-93.37400132258995	361.45896074027337	-2.135950963980281	0.3454561268517221	1.9040777395671746	31.592103330497107	498.60568252118526
362	986.0027343288589	-87.12264056927313	-250.81267096178254	-0.22354957674837841	0.09868230870370753	-0.46158177941291545	40.24547993678563	340.3844942983292
363	715.2354499312929	37.35669353312929	142.35887313648502	1.3386771169745135	0.4276654658730223	-1.9254291433998658	32.23199562950097	302.5399391314345
364	92.04551936323404	338.3343633438409	562.4055959295406	-0.28107329942117976	0.25087580174125673	-1.3107835798064582	34.66557867452575	370.30333739599007
365	663.8667703070466	817.3593531077811	539.8662393295489	-2.5138351164896293	0.3737808577081569	1.394237785237747	45.1630481232613	469.2608884535639
366	894.2522482769366	-66.90995225022303	-164.8692424451852	-0.34174264449152786	0.4340890107956363	-2.3209567870471317	49.11755527340492	466.5785251007011
367	861.1973649089114	69.68018074058872	781.6215181257098	-0.03841967478272173	0.1404446904493123	-0.21722877805701862	47.15234017158791	443.321426115774
368	815.630453117478	-12.531400239852076	146.04851442786727	-2.0823585739890818	0.3037043476425492	0.9706069908560856	43.83345867660103	331.76985239144045
369	1073.1515292267673	-138.12160395953165	-221.78835535907808	-0.6309685755750452	0.3982474041555633	-2.1837193130420944	37.32318422932339	357.54647493996004
370	-226.06607391104174	1005.377094100666	822.253440164515	0.7457669319961355	0.3207422128503851	0.09128190447664833	42.15240607752474	377.13031550072594
371	368.7296932942562	-219.71469848955138	693.2262839571558	0.07142450159577644	0.21583547511727655	-2.3396055611861244	42.87816810137289	469.63632346211057
372	966.7924124987203	557.0455376916601	598.977569640091	-2.7148045076842364	0.3851932440117624	2.827269421282789	40.51726326746376	319.0735088461662
373	-107.64531330215621	124.83349724592861	373.05118889313655	1.2524615104358443	0.257479904368385	2.1694377427887264	42.09696388003995	330.3522055405038
374	8.682136939833384	-47.45774115959139	341.83201791280123	-1.4588732017610857	0.18736704578552874	2.013093960919258	35.900272919782275	443.47918821757986
375	43.27998606788137	-119.3811693080284	244.12788049449333	-0.6084409678565247	0.3664705930116657	-2.7802252646199417	40.432290792425256	441.3910359360666
376	32.66388509907128	707.1199253364334	-90.51608160081798	-3.0923068898082726	0.5650584550922504	0.29478534223952213	47.95230027106403	318.2963665299668
377	483.38398444733207	249.00228109393672	547.9905002274902	2.273380336331789	0.17433032103289686	-0.1254974581024843	48.893029159339896	334.2659423872808
378	675.9947724897931	732.2335301508413	417.9894277922036	-0.9344940230977818	0.41616325918826325	-0.05529958894892343	39.85366336687295	402.01770832722974
379	1062.7560281808874	462.4202685844713	-176.55628354390683	1.2039483360540857	0.5760153281407446	-1.1849979552253027	35.853945531894155	394.36641420217023
380	1069.3709150672285	395.74783924600047	638.2008553664184	2.288943495465899	0.20527078126802853	-0.6771438486395722	42.13849456787976	359.78040107025316
381	230.99446023320795	234.82244999850727	530.6454694088088	-0.8052802695771091	0.13028987882240986	-0.5990575690274531	44.64615172909517	491.04987093171485
382	26.660283580764116	776.5659270169795	471.31524372497665	2.36996009066262	0.1650606419595578	-0.894840231378827	34.756165958032575	439.6343321370846
383	233.24843502634738	282.7770877644034	302.78619682508474	0.5463566235954271	0.3200568452898769	-2.988619666803577	46.09257588711308	400.07067268326034
384	627.2812693831245	176.0444244312171	1231.2454700161497	-2.0775331876000562	0.2088092686153275	2.1939710387830105	36.001180461547634	350.63262810790496
385	756.6106733623584	-113.83338994826207	483.04708302734264	-0.1439752542833629	0.07165777214914061	1.4415980044274084	35.25761602518858	359.7065484479779
386	640.5951090738961	674.8401842204074	519.1740676580276	-1.2216288131527206	0.13370039298029152	2.991148604206356	41.16643880918438	414.8914261189708
387	158.14234704255384	-84.05679172861724	-38.512661725786955	1.287405546682795	0.0994025561559318	-1.7347917244855817	36.78799449145562	444.22734198409773
388	813.6316548483321	-2.7232213040916236	1269.898230518319	2.5668511555387177	0.32448204788737506	-1.977921902287712	48.77647553528182	498.9701559321209
389	630.6541250763318	737.7286754275783	857.3221525991498	-1.7168544696153891	0.4194778858366303	-0.7569416480908747	48.71807272266653	403.8025893977093
390	418.34476611210926	706.936233082986	622.1440084548341	-1.3873737141868603	0.4197698332506071	1.445997679256253	39.29110853596656	352.0013946073961
391	61.32393665518063	685.9427940493932	990.0054563279314	-1.4700258841173899	0.5696871767063788	3.057099668324304	42.323824179797576	322.9093282097857
392	867.6944438668424	-190.7856813831624	611.4828330457615	-0.8066070477023138	0.18425468943314227	1.3203654204045856	40.743188230572855	409.2745965484152
393	132.88361553663114	109.73030226659674	963.7842949585729	-0.25141381147779585	0.1247116102547964	0.6968335565960007	46.94677152424117	353.6724701502167
394	329.1039615197734	801.9039201690773	42.0360548556707	0.5491076233218694	0.43090510519700914	-1.5461495072679707	45.121575477262645	371.25440265709176
395	527.8957964737097	-107.11064104044809	272.93418231244516	1.8607673089148085	0.3351996676946496	-2.7368789459806697	49.95867691449479	394.0830113902582
396	1051.1014021489334	809.7934858089388	156.70869424474185	-1.7814174876218438	0.16315320680849899	-2.467906141927424	41.32541317333607	310.17253628901886
397	80.93121196067025	747.752676722075	-214.77547818433956	-0.8564718721549679	0.2247562377730644	-0.5040650435027002	36.34801964146659	373.0111358136671
398	566.7873737916126	560.8258485887837	298.8272859675235	1.4518467311031051	0.4771767161758129	1.172916193165692	40.60221991775082	426.744307586652
399	532.9341334535652	238.67332922743228	-28.66994458375683	-2.1381532146211732	0.21868517494253964	-1.435305828662295	46.76042794143534	364.04814058684667
400	-21.033224157659276	51.265885640860375	676.2933264419061	0.6663109927878086	0.2818576701997162	-2.5288656594496706	45.60917019048723	327.1798388008019
401	711.8374407352065	883.3436173546124	780.6667680309563	1.6308814249497705	0.34025159676003075	2.9879914166455226	35.75787892033005	489.061941353656
402	780.8041881313388	-119.45779157494081	1145.3678214877966	-2.6187636321901935	0.2506669584574146	1.1720019901349563	42.95747309374666	430.0375859754138
403	722.4972534223231	1097.094221219766	850.1879485495101	1.4026977510299987	0.32290850628961837	1.7062908461697457	31.70504920604142	455.91113448384044
404	406.78404377782294	241.79345855016552	259.19772328489125	-1.1149029587689534	0.7254607913323484	-0.5038736494642891	49.28055959931956	302.8308410142146
405	1053.6762555242403	399.1812516640574	286.9399774824235	2.938432524493529	0.2172977514413227	2.9123266751950356	45.51188666279404	312.0012300332477
406	268.3138135124367	-52.688977767400246	-113.21048842969671	-1.9316944057040504	0.19941251945669503	-3.044713397603216	49.61410392537052	448.2425576530294
407	767.2623667201701	337.7903204123968	-80.17956083853286	1.1037488993370845	0.14332471456450807	-1.4995579274716972	41.50120998686118	359.2545992393742
408	-85.44625044157524	163.6404386313226	814.3620986758413	-2.4307242500206536	0.2796287883905724	1.747744390547532	47.45453015059235	430.66573236828424
409	324.1026290637841	916.8851904637306	1231.4900075294715	-0.4402761771241946	0.4218436719861047	-0.8680552720278584	46.41047808707155	395.18381737744727
410	145.99919575356975	56.70493009203827	-234.83149195182224	-3.074528118791692	0.1180799105957361	2.55393280413428	34.70614700229746	346.8529790713119
411	786.5914815440331	693.8554048344779	503.05423556682695	-1.1929892111213862	0.14198285346980596	-0.5223011037208284	31.123502785663955	429.1292321514351
412	566.9397211252028	1093.6511124424753	825.2449644070182	-2.131722386261627	0.17177522204506487	1.3950778418613292	49.40932731251755	366.5074120956101
413	342.0004677926488	146.31651342641882	888.0101100364939	1.5874482521610485	0.280788845359589	-0.6234955124013352	37.22527358759232	403.8751322123931
414	820.3811396985323	33.44986455764135	1103.6416035542939	-0.8330668786079114	0.45430027695410313	-2.6484485630161565	33.22244111316513	468.68951561641654
415	-140.48263982600133	647.2389902674475	86.23616475882486	0.41125465530070204	0.3758687404285637	1.4184027458929824	48.031377774826765	332.2171843350301
416	778.6996404430397	-190.0243735294093	1011.3395091385689	-2.5790651648801832	0.3017303386573338	0.025941456534551745	48.35292240982161	303.694347387515
417	24.78510569016018	658.3049787554909	27.046563337673234	1.524688010685228	0.26215374067938535	1.2322420607240312	32.28041453311083	438.2668567753939
418	400.0102759573615	378.44216078282	-174.30564959040476	-0.3507183986330305	0.1935433644296304	1.655355153657841	43.49763954853093	409.526941021456
419	59.651913155677875	1082.6294314466093	-70.01805749844391	0.9790770561034002	0.21110373909809246	1.9056294196231618	48.14449092038741	337.69135627113707
420	86.9197279277935	695.8564844848349	968.8615087725032	2.6370651849249898	0.3153615284452653	-2.1758646431863653	36.84449133899331	383.8909110103944
421	-31.519042370039273	456.2497192288363	344.58852764610367	2.0524566882544413	0.3449554658456473	-0.4089704191597802	39.064047190666116	458.34361038965085
422	868.1401884760855	642.1786658746646	165.77406378816707	-1.6039884256155537	0.20808511436021238	2.253098636824492	45.954985898061665	302.33222876530556
423	617.9382141309554	388.48283462395193	836.8596663651042	1.6547995411802474	0.30212801604933404	0.5551986243992734	44.04381202661606	473.5831624310233
424	803.8319249057979	877.3299336296525	-90.36077666701277	-0.7383437273451228	0.28579708734037845	0.3243560514305503	41.478500544220054	471.6915908409473
425	134.09612390590448	145.46468710685403	-97.94929754422628	1.383844115457113	0.2966371454753841	0.39304119081494515	43.80670548286151	441.58525368826486
426	313.8851901393565	126.44938724696644	1187.5170854935034	-2.8058900347153917	0.2707666548839192	-2.0823560707090634	49.96151159043656	301.62201037567735
427	-13.432119377837523	-82.19297458538969	941.5453730616966	-0.5485509527368013	0.28254985601634497	-0.13622445181814694	40.0028047909135	339.15700146074823
428	-110.32592149692576	184.1008075556741	220.2392387744965	1.0158106778811697	0.2881109793553511	-1.803564055465323	43.46697395641264	492.5378347948401
429	547.14939199796	855.1431437406907	140.77137537358104	-1.7031633840393359	0.20833078907769031	2.7265961458368846	34.951016387165694	308.56903039188984
430	25.626106795563345	528.7439813360016	-156.92324699074695	2.316701336756568	0.3462820533077275	0.7068998395081663	38.50008790574124	350.0008460609945
431	599.5448006597749	856.6109557187569	261.31760867132607	1.6422052406313057	0.4215167104538115	2.615394273396989	38.66347388246108	305.8962060842518
432	922.5289172952162	-168.8573094492515	375.78756326033795	-0.06469131078941304	0.05387330306705613	-1.7440576158452024	42.38246114299439	450.0652722153754
433	198.7260900683995	469.464561759782	476.60031828698345	0.43663423823966163	0.20473655632048934	0.8779225471802965	44.54708834942634	464.7057651979967
434	1093.9246614310464	357.3386069229248	568.252098782088	0.7496300881267809	0.17529943126917547	3.092597498709721	40.64742302363469	359.50087170951923
435	688.3122385044998	810.8373800573127	449.7235270390772	-2.3557381907625197	0.2560399040728738	0.04918340869831642	42.9670238231968	321.77173923071473
436	774.0586448756392	579.8170363858231	-113.95229011583257	0.11545580697030784	0.346085032705474	0.9915186072031823	30.697552569061177	340.53352537227426
437	598.8106704026309	478.34827932034034	753.0463837404843	3.0591435889746443	0.2814347813627726	-1.2594803329449111	39.00422325540481	495.74993452404544
438	965.2382800311816	-113.2452496578419	461.2362505648375	-0.6211731883963189	0.3837275273278248	0.2338935087466521	44.09881748813474	499.7391581914569
439	751.7720660606394	254.19056712644337	845.9546506828303	-2.29221164360022	0.21467641451521705	-2.2662599271024817	33.901398414810515	313.148128648586
440	459.78832832707883	501.5507958197992	1163.7452604981565	2.1941811183106785	0.28989220618910055	2.878364176540765	45.09427537224829	424.2036531830938
441	119.13931086424205	80.53268182678678	1066.8094570663718	-2.277741596700831	0.15382148804156578	2.929148977389418	31.81914583834684	460.1303849519643
442	2.429120536053375	123.8666008332415	1016.933970567293	-2.072999892141041	0.1660490992232324	-1.5261417648147309	47.71566648445122	360.7839644822507
443	393.91067847274064	1021.4960385337395	784.996141204015	2.863210698716571	0.524521833754552	-0.6678178783806497	45.850355360130536	327.1808898721701
444	377.07652706250633	617.251849000304	657.8323492412118	-2.293913085979409	0.17683989884351017	1.9959728646637718	40.76231199760922	496.90143826235277
445	385.5444326054536	79.46705727255554	1059.9976324553484	1.6891827758872042	0.24220784302012424	-1.405307164423886	31.56694492633292	478.6445953157346
446	-76.62897463172388	567.4266385246223	195.0988620836707	-1.102660351939923	0.21638790662602037	-0.3106836030915955	44.890942965241905	439.25459615876207
447	663.3756143933472	644.240579821618	184.37125110990465	0.8520934930984574	0.37986522406286843	1.0439831288639976	39.865629132109184	357.69556905155787
448	365.32904268633763	795.367369211704	-130.20228432979582	-2.5910119390887183	0.2847363517726381	0.6632187299258149	37.94724627029798	382.3350020841662
449	1090.4939257966341	251.88166469670742	167.5846243854502	0.031198546073183498	0.4212044045748037	-2.0756797911150726	45.17209750718468	496.5754977402979
450	1034.326064655762	690.9921637793051	1082.141540800095	-1.2717221564392942	0.08592289227318224	-1.2400374066650346	47.03810653235071	351.8966035549588
451	789.5549569414698	661.2517172124144	994.5219505933367	1.963077894031682	0.32666348797107986	1.6252327469641668	44.51354515152806	312.43919945446316
452	374.6948762612275	-48.50344106298556	1201.6175027837742	1.3828155663061346	0.05545857044354569	1.3585703514180483	31.42125287601803	373.720495818449
453	622.4936686337828	179.81963197220975	365.975492208629	0.1653886046748912	0.3298941509235674	-2.6689035497722284	43.5159896502467	319.37557653848256
454	-91.59393707040175	-6.892677405672799	635.0232440418281	0.4740363494720323	0.4354553684233354	-0.17998760244446935	34.775944718672534	441.76586431600026
455	124.62413726959446	839.3532956228705	251.54617587039425	3.035427479194884	0.24621899027151542	-0.771292133638042	48.330392786895786	351.63517473646186
456	-188.83461747751696	132.07180892383397	603.5864736501516	-1.1254004993918045	0.1811710727626863	-0.11017502319509134	35.681941302855755	428.8525772199999
457	639.5664767909983	1035.4685157119602	1008.2867931081098	-0.5502986349256898	0.21712140922859127	0.38635222744669767	46.78466645379701	315.94105116479545
458	-44.73609014347136	434.7759841490471	333.9252204006624	-2.2088334475071245	0.2067059975789753	0.8564679000835528	35.37655434351715	360.562045841108
459	469.1705005318954	632.8292211217114	232.99976123069902	1.8965276545971912	0.511307245218446	-2.829840285418583	37.74526209653994	419.5765753262182
460	52.694362910698686	708.7161544974176	464.8736910735024	-2.9432769755728345	0.08175605885311936	-2.8526727088157235	47.467314014704726	372.03138580289504
461	858.9865799298586	-134.19066447123302	1012.9471752779032	0.4978978389321554	0.1504730334256997	-2.337707626078793	44.616577372361334	414.69356717597225
462	576.6599135659927	137.14134657333247	-41.09503440348138	1.3293040170061958	0.27108865681715416	-2.87961791350604	32.12690125200074	416.317014258413
463	1030.3859660994442	604.6808066949932	909.8964823143465	2.3977893523443705	0.208902800138721	-1.2236169314630976	43.13571649635978	383.00003796975295
464	974.6453288354194	647.295763035817	3.8607195312713714	1.5527844332361191	0.6917315424583916	-0.5996502982347461	44.263884011443636	384.1643557834339
465	76.56562906311447	1083.0348862146063	412.39520106002806	-3.058345783979775	0.4231952367033343	-1.7365182121934324	42.04148850461875	340.26791635625483
466	1052.6491652387915	121.08198355985249	760.6848000931692	-1.9608344199527423	0.12100410724297413	-0.5202427253029616	31.80575100749419	453.6001430351225
467	-141.11490423031483	1052.6255121029167	-128.15327668940733	-1.0239012663342684	0.6327414135940994	1.8261059458705904	35.47301241065647	428.57657299579864
468	581.7575212432622	-93.02123259720003	880.9237358159992	1.1096085764410737	0.3553474028033389	-2.5756874098255382	43.93641323460392	315.25320029789685
469	-100.77237834850015	890.588466477237	273.9305952922532	-2.842564481634087	0.09295822294965322	2.180683171969811	45.693288005209695	416.87455617943715
470	653.1257567015261	-140.788697791176	695.5945963323936	-2.498109826712296	0.20173564758206047	-0.979459926198759	36.81120060029908	353.30281461479376
471	334.07479370460555	1043.751347427059	447.71295741411507	-2.2389128718010194	0.3152120469976149	-2.1407991314919195	47.187562159034265	356.55827642717463
472	-168.0602085054649	373.14570293854956	889.2089546050968	-2.8138801360192685	0.1724264586943565	2.189013340581751	30.080170722055627	325.5669211562555
473	377.64930118663483	388.4561438415567	-18.377815934048385	0.7376972439993038	0.3677200315427267	0.6665518830660949	46.261822674426725	336.81366552250773
# CUBES
# EOF