# FIBSEMSIMMODEL v02
# version 1.4
#
# Settings
# volume density = 0.3
# image size = [ 850  850 1030]
# particle shape = Cylinder
# particle parameters = [[ 30.  50.]; [300. 500.]; [  0.   0.]]
# particle distribution = Uniform
# orientation = von Mises-Fisher
# orientation parameters = [ 0.  0. 20.]
# edge treatment = Plus Sampling
# inverted = False
#
# Number of Spheres, Cylinders, Cubes
# NUM SPHERES CYLINDERS CUBES
0
539
0
# SPHERES
# CYLINDERS
0	825.7245367636399	211.0965960515313	-188.73532766891492	-0.7186451872319295	0.4348249690942995	0.17562121317528756	46.050545447366986	321.86100782257256
1	881.1232906621487	734.7045795952206	405.3091584829175	-2.4152823064332853	0.30660091374592385	2.524819281729402	42.81550502309695	425.4060089277687
2	330.49022117763195	319.95337248131796	862.217471949532	-2.667892487513846	0.4448203187981382	-2.1240052707723795	40.7826507582883	300.9078834621788
3	-129.28493710803917	433.7755751211008	239.8946078866792	-1.0727527882946364	0.20793583016628397	-2.682439410805293	40.16072660921341	404.0982405941513
4	-51.90651479321298	296.01064056907785	525.030207020318	-1.6670268803334274	0.2666316750837722	2.757693887863305	48.86140557787502	391.04674644484606
5	922.8516009262125	-56.6453945568737	853.2056218923042	-1.100172215862381	0.3747498181534872	-3.050765102149431	42.71604979416412	470.6682122401158
6	1090.6270201031173	835.6183750755802	1176.0319313860275	3.1394108108530108	0.1729960770049675	-2.7459932598664967	31.33973301023591	488.3904172421078
7	605.046247957375	501.2554696544089	-7.970061451708517	-1.885762884730281	0.15511787075951808	2.4656047041714193	41.73351473448943	469.41967536752503
8	341.4178382589839	1071.8887501212766	271.2932894283115	1.3872400095739545	0.27717476479201575	0.8269683578400365	40.88095664387859	494.4126047488289
9	620.0090310993486	584.4291541806956	-124.9653027834415	0.9608600632715187	0.021094823398083946	0.1295851915423157	45.77961139746651	464.82968569699176
10	-181.55998395159742	901.7960324890623	171.65749949620434	-1.2472412507389108	0.17600290360983942	-0.08227020579751829	39.70099451358874	301.6943801772816
11	249.31260349533963	994.189302183489	157.85630434689452	-2.6806281525771807	0.06506432738870396	2.7485507490290484	39.18105076678107	474.74462604470057
12	-178.19270828186487	-26.55452635716992	287.54728705608034	2.713392559630849	0.2674608145881601	1.4161120535564784	32.13012671312048	316.6822689463398
13	-187.71880780034934	444.57942464926543	1275.4508229779456	-1.8652988112414246	0.21777510780420217	2.1662574733016466	43.3030978936214	472.0031009643259
14	-51.8912835373138	118.06316602411843	927.2540466734074	0.7456643786014552	0.3798263668986125	-2.705534415152577	46.07040153005926	440.4875276535681
15	182.4048668659175	493.23408520144983	754.8865735957548	3.067910669745326	0.127613451956144	-2.491586746646707	39.0339581875554	334.42546337366826
16	-59.06244212640979	562.1236433880425	561.7751921125027	0.9499240386708372	0.3233037414871763	-3.084369289153185	44.45522886895521	312.7801997629813
17	841.0591620068838	472.2718590406056	-20.716071385677964	-1.324364625010721	0.1965389388527767	0.09481799775360723	40.00966853586392	493.7101928417715
18	859.5288942086131	429.78137144989626	-120.26646950139329	-0.22396268655672844	0.2910306996782084	0.1671565413668165	32.543544111379454	411.76110609438484
19	720.5383469402091	-214.81605572048755	84.04836863224253	2.5885987380051523	0.3269012631810404	-0.37038294101117875	46.280281468833415	353.96977793069027
20	853.4581083508724	-180.54239040445216	886.8213918840868	-1.6990341980944241	0.43557583977300746	0.5328033474360301	40.86236545550255	451.0117639232453
21	428.850337323521	474.5213926211454	-59.37008988487281	0.35975197261774156	0.31622000708464915	2.1935505089027543	32.629753321933066	376.99044097906176
22	630.7079769329531	856.2584464176084	436.6860709999265	-0.25259470143408647	0.14146529749088796	1.7523092609298856	46.32109550257871	314.25435877194656
23	533.000898448752	434.37826195921275	517.0316610229984	2.0809054176498347	0.44066426638673206	2.226874272035056	48.64717378057608	336.48782197363494
24	853.0208327477173	438.43795888331704	109.10416785949721	2.7893287874859567	0.3928770372264354	0.051033973457485816	36.05622087868916	492.73201671441245
25	15.656970480368301	412.4162717397286	815.1368980963698	-2.266451071079451	0.24000204349063628	1.8951113706749587	45.362531251140325	486.13071152947214
26	1045.6287448931696	6.809610444281617	500.7414657525179	1.0297591663011225	0.41390947280743046	1.7195122413955872	30.43983796854393	437.9404386429019
27	1003.0977319132419	163.687456242274	847.2339746774073	-0.26602882370654973	0.3823709119608484	0.14761453404703911	41.33065481131516	344.2450547825422
28	142.1196179269646	565.3558343013425	980.1623513137574	-2.8213466832208605	0.28748070518326774	2.631550255144184	39.91551246922589	453.17710688603916
29	-125.75505885738912	-116.39294898795518	936.661229439447	-0.795365577472823	0.09244305918610969	-1.3605880840047893	41.263749403820675	461.83953207235027
30	124.5950130708546	589.8392865857546	207.6787471810638	-1.754031056605351	0.5009360363538169	1.8784658174875086	43.90268214674707	449.2869593431386
31	700.2790707732379	404.356739629931	1265.2746120738798	-1.7032428472892545	0.43093754871162054	0.5079398553770973	43.745838456739406	414.0400331848597
32	512.9992038459606	598.8081333497292	457.68189199829203	0.3634011939016751	0.10629371040106714	-2.599405824906946	40.126675104824656	384.95654727596707
33	126.53831600542011	886.5745541011443	1004.0484536298666	-0.9080266199067782	0.2987774859495309	-2.8836292951001745	47.08737221495104	353.206519391526
34	222.05992373847604	942.5305193924517	163.95630481035542	1.7772000897332771	0.0976012115398802	0.6339364372326797	43.92599292980986	399.78166446333864
35	428.5114490904233	420.2920985872678	65.82186432494674	1.509366308970372	0.2580570828027274	2.2840126874791586	41.358141469926224	461.1460937603275
36	222.1599885864712	23.882599476734782	-232.27199116287616	-3.068737411614049	0.29248276207742346	0.342698927972789	32.752053137846254	444.98969938677726
37	18.283660278253507	14.774658817307085	133.3651775030588	-1.8734136649943705	0.11119184830755326	0.9824743785632716	38.63506520568106	301.61275466416123
38	293.6553191157856	1007.4408228863499	371.34391014733706	0.9554713718476838	0.3006143838611082	2.6048124281036147	40.394326728852555	371.83610258337677
39	7.2302865648132695	804.2170616307842	618.3049812527648	-0.5492932182458247	0.4012638531680887	0.9745988221334081	35.952316423521175	391.00460574049237
40	-232.81929157581203	982.2182341857631	1029.1105323408908	-1.1096474558720637	0.14759636852654148	2.076441444819314	37.34043160792809	472.0343235111409
41	-81.10736853471025	-243.03287209529145	-239.3152809407076	0.891670556072472	0.20698180313111936	-1.9556478333340872	47.210466122236504	302.49739522485845
42	173.70856559727596	699.8409877830502	-201.47297494288406	2.7327414123047444	0.16180419675688634	2.0870269513957895	43.83183319832161	361.0183122392054
43	250.42723860375028	135.23639115532856	359.30156544013755	-1.677637081454778	0.730682468598418	2.6736581527323553	37.93688228546634	354.8634213211396
44	85.20489481123101	430.17161229993565	730.2802414919017	2.0121424575390807	0.33104750366242996	1.8726681938184253	37.86483406048829	492.5406867504325
45	662.8641175028885	-18.94616506980597	762.6784804597796	0.343044606998458	0.3712199516543955	2.0389746913670064	49.81386428772666	420.6115868842641
46	-26.939959121414887	19.519892553315202	52.969243436894175	3.0368625675662595	0.2302268512529693	-3.0993522208780746	41.275450827939665	377.8960631540797
47	53.99977475527183	985.1088983198647	386.79212638458216	2.853626484234949	0.35000180609389353	-2.872812168384342	34.229731070411965	436.8503797310806
48	732.6027281493359	546.487501692225	146.91712048962293	2.674266433242481	0.4574994451194195	1.4952556268022654	48.636046328268975	409.10566475718497
49	677.2819385134816	565.0943555751451	359.12821391551336	-0.7088533493575382	0.046411864933281845	1.6454724641735174	36.05836809912731	480.7140265985364
50	-192.77589827451058	9.962997547452773	-139.8520067434841	-1.1746430924198592	0.19833706328491374	0.018185487945025516	32.11033051393302	323.241955790627
51	-93.87827055959079	509.4085679738562	699.1133718187263	0.34648682408519793	0.1432282305917493	-1.2978333539219487	31.688866303913013	419.64446955279357
52	853.5950509400723	105.27659577943282	-197.068875842728	1.4990566518639827	0.08944985261009569	2.629465538015663	49.53841720124079	301.35846993753563
53	-220.5332650820775	202.28779191549594	-242.1033462049787	-1.7218643261140743	0.3724231201752673	-2.6857382632104225	35.678004955462036	487.5896575047291
54	599.7289599924442	464.1888336692183	220.93406443459006	-0.6178999627515077	0.3225749103379518	-2.5460740135891564	47.793352178232745	381.66375589945017
55	470.06919834592816	53.384637372912806	1185.8881629941527	0.08103479918007317	0.32519785449382216	-0.1884669757745441	43.8685457297407	494.3467147294719
56	801.7060070106352	139.92842341941767	305.7202400139154	-2.024333889217611	0.4152604637833529	2.1698990070630466	33.12740061146903	436.47448650536853
57	68.02062670872371	1038.1380271391372	1002.9737557336209	0.16711078896412698	0.43485213057803135	-0.8477087951402009	30.837528466470086	440.39823719846424
58	-204.70499521815168	689.2889244086471	-146.9022276593913	2.998854996829005	0.12065245333130808	-1.0750398359690563	31.585805841229554	474.2260514665538
59	101.79367214752514	858.7616294448933	733.7976999594208	0.7613326037467686	0.21606103723143746	-2.1933725963265065	41.26250452264679	331.3140898807956
60	140.16566797516916	786.1379254193864	1277.1378412520046	-2.2868060788418982	0.7135763632352264	-1.6602877965995382	32.3966516894713	339.50954119142256
61	181.30817692987583	477.2998723847819	165.0371926699291	0.2213019618329022	0.06434814666972158	0.6451773357468373	45.28196760098251	439.006572364352
62	-168.8421430445643	1023.3302425760403	690.4490781248359	-0.6327072886949668	0.5982617236582783	1.1555365413262642	48.98534746067467	378.4416535960368
63	221.0466211969772	135.98392711405089	848.1952202856653	-1.7925433188152502	0.17406553941447112	0.4856416408170875	35.26955415804495	380.90203052411897
64	859.7591909329528	609.1865375478149	499.61570478394344	0.4672606281092151	0.13075957029173216	1.0750075942239377	39.854785788534386	386.151174259017
65	140.8587941273818	218.09637153565492	112.1398205486266	-2.3938892229592947	0.19620090964844256	-1.0438822321291863	36.47967587960976	384.80386126408496
66	859.8542889657356	-249.21893977474866	1110.9591178580465	0.8946765103161181	0.18219225165619818	-2.6605032909373443	32.12459002675203	370.4945526160079
67	1047.223427000286	157.28650393525365	1099.095676028166	-1.5290504183568487	0.34896257717914136	-1.5326390141911512	37.52858286211705	320.8203552522674
68	741.369775639384	179.4391676397764	697.6487774230716	-1.1348273817298287	0.3392817987567372	-3.0750642726195516	33.15267055984955	378.22240621634126
69	841.503540723988	1074.7497743787408	603.000288884514	-1.1583979795590815	0.46396326807796867	-1.2377314411554512	47.54257910291971	484.04962161839643
70	-216.11239991016367	55.48228597016217	1271.768848766243	-2.6717808088837174	0.41623060995188943	-0.3835274228333242	45.5603363627646	340.12131285078675
71	1020.680577676731	-35.588317524858155	1246.2184715428423	0.8519370291406484	0.11970099801136815	3.0285541209999067	44.923302347920234	412.09377949804684
72	967.3244619083628	840.7884642907904	657.6937973584055	-3.0342240816707067	0.183624079096216	0.9616914041139156	33.09474869529948	410.5291854310218
73	54.6769507609437	823.6928233974011	127.61481520727651	-0.05137422214536281	0.32349523363188903	0.3693479424206341	36.98892924595253	483.0696483000231
74	921.657719176374	640.5237666981574	-185.6197609183767	-2.4565546813527503	0.12649632843306416	1.1187509582388497	45.511768408379396	428.2461951440998
75	-24.14530675272067	183.32560039823554	-7.612110107277289	-2.17277578191311	0.29171146781389334	-2.038441613623786	30.472133690648842	424.66343723332477
76	-93.44908331077318	797.5000483081442	809.9035812553734	0.7149206397430411	0.18464240585563607	-1.7498032708458935	47.99492133515902	317.44029086573374
77	148.46431207544194	803.0473132993629	-185.05172404823114	-1.4440923636574932	0.44240064719138744	-3.133532401561501	33.30173336517004	304.7245987806676
78	544.8225418035963	-93.15648321008422	1257.2155914131768	-2.9366817409379853	0.30918432629627524	1.189549159854396	39.07793640578942	329.4475420223379
79	229.0341229368369	-160.6937632046607	969.3851028710205	-0.20742503011692048	0.35408271827195725	-1.117765160495058	43.15114379119267	392.255085643056
80	918.9297622350816	781.3429575396988	383.2122354732743	2.359558199512324	0.19098243406835308	1.2843031844707353	41.82673599695775	447.1565478529169
81	964.0545013559106	217.7860398437642	318.17014183658114	-2.236698127141222	0.5370024394898004	-0.62990998778123	35.250277567857204	365.9665496959112
82	-127.85127392955305	153.7552640037924	-117.28677171813638	-1.4911389061014413	0.21948033261112251	2.0358900844722534	49.70356998281268	383.0882367618526
83	78.64612232990706	932.8159221162502	175.4746803154239	1.9930338380716874	0.4047185107726135	-1.9798707124661337	40.792593142536326	309.52098079127705
84	274.1762744326211	-121.17792401833236	701.6839852931387	0.1342501445822407	0.01691277016068437	-2.7866431111225967	34.25528765355782	354.4744107113145
85	614.4201263071149	525.5711431649229	945.8864210518043	-1.4693553604554985	0.526872069596359	-2.211895540713108	46.67872222839837	482.8707999814555
86	255.89183716263605	802.2713181970134	525.9757323244303	0.09487022892934725	0.31763251174057017	0.35436750165465225	34.62926941772658	308.9864146518222
87	297.05099550477814	983.5711781563039	119.54373196790502	2.652354903566224	0.0707799191420262	2.448836464238069	42.369268789379376	437.41065067769347
88	209.155501362587	95.42297047656362	268.3084334074199	-2.262765131223278	0.49984251088614173	-2.7454283900530263	47.24892701004952	366.61570745742034
89	494.2466038465393	606.5956916334536	1220.32767689345	-1.1224156788850532	0.1938075515822149	1.6739881196912232	43.447562167274576	423.9295992444628
90	793.9656733729776	-4.119709540608426	189.48401269685607	-2.6640906064589203	0.0875100071009728	-1.0407745414926437	49.655386636876344	372.12259460794434
91	816.8603564575074	468.7315014268439	52.59492563375923	1.3533216838661295	0.19579920976706458	-2.5332290316489927	34.94628906811918	319.3958901321355
92	287.474613076228	429.57717153791737	-210.74676034742586	0.20857569411632376	0.16086993516242673	2.2415286079850167	43.20450213171861	431.1491852237319
93	-117.39003511170881	1048.3335374974158	71.68274134131818	1.5194112082369162	0.09083238882821427	-2.8161683871567207	39.65915638613879	327.43283910868956
94	-15.24080389257847	551.8307701169393	884.7746256361722	1.154697728356902	0.4648111250941648	2.5356331605766314	35.80093283488506	497.5677574716618
95	-203.63666794159997	1024.4960094736477	-236.35994962436018	0.1767643002461075	0.5732047415362793	-0.8525044978715386	49.79071643226932	446.1343259443107
96	287.99699972505573	622.5604273447573	1253.7254186324906	-2.4705516858828043	0.1805206275381082	-1.5178458081393322	32.819820207962835	448.8921556050171
97	-5.978435445064235	28.863148075953944	999.6472953432612	-2.61896012584335	0.2508260273180978	-2.7295132315741264	30.114063873492746	332.44773478231866
98	187.9812543084532	140.89448273902136	569.8165593228763	-1.713862973979425	0.118641368050909	-0.5500395353860593	46.02040115661238	398.0208271510344
99	848.2332967328623	961.0555605545246	465.93011877435106	2.849163396996809	0.608111838120441	1.560896250123837	43.97981531141537	330.9638465015448
100	-149.23808203825183	940.2127587850055	-220.7989173003129	0.9707640851299776	0.48049100676075224	2.5237889163679603	46.9288276049772	455.0212686212491
101	672.6875476003561	170.99884997620987	357.9557722863592	2.9484870437444277	0.11295319543872635	-2.8472174824636887	37.46961522899444	319.18782261648806
102	928.1562305988098	-225.1713219504756	306.1279611489489	2.5592776237659	0.41508178564279397	-1.4328671591066027	31.98719342115606	410.17294957262595
103	249.17513805640093	-186.48865978619207	-22.267147358951377	1.5437173484878295	0.23393016351542806	-0.4641584937284808	33.231469719596966	321.5547694883778
104	322.76456509870695	473.5281775982636	617.0789246837387	2.604274056459319	0.41342959134739643	-2.8834383590431445	47.932145210687786	302.74806261328524
105	931.6830070492706	1067.6083562717533	-51.524013174012	3.0863514391520352	0.13420218196238343	-2.130549852209728	32.41398918308154	413.84324030474653
106	-167.49465075543947	593.3458564075124	755.7936727657027	-2.4116286289694995	0.2877187437755345	-0.7810122186037465	49.69168505109195	466.1334405342101
107	1086.7471992339322	787.220506006573	1118.2582087154337	0.9626034840726689	0.38695661131020703	2.0809303133976353	46.67311040003922	391.7852576203266
108	143.33474391104474	-30.639126643210716	1046.5745194874594	-1.2987713438207582	0.3159126443549056	2.978218179672127	34.21081944243949	307.67543607744096
109	694.7074475415134	91.28437785230446	760.201240984655	-1.1269213718426851	0.5563781595728214	-3.0682531534029054	38.71195898885645	439.193501549717
110	558.9853707375296	-28.8181259319569	-140.8912346978488	-1.1938196832317005	0.4375477505624543	3.1166156856371674	49.94618372230521	499.45012846464385
111	-93.44889514260325	1061.235002864397	901.5805299191659	2.89684888913207	0.27844678001090817	-0.8117707184155851	35.567656233977495	439.12332803632125
112	377.5241667526867	469.8123399717515	54.50391842987503	-2.095411293203053	0.29284719075587134	2.160642676329728	33.26460987748177	436.6242819183984
113	177.7525604489089	460.3126834404079	-108.69559974425005	0.41667334852336246	0.3225159129867995	2.498634126219701	45.113717282483464	319.26537577929935
114	1090.3810148017244	-89.0437025591169	238.59383255803724	3.079579746073715	0.29541122062827874	-0.7308201475418913	30.207023082742833	311.69873132811546
115	322.0476252314294	90.50764897660852	1177.7943951654343	-0.9623813295270298	0.21568842426353232	0.9298722869480778	49.41516474999655	398.87991604275834
116	917.9739327103814	-42.870688499331266	1239.6218975793925	0.33264922805824015	0.421326743316247	-2.8185256490246067	36.97580258853425	344.4044706084491
117	275.9021581479011	154.816168149177	634.2044587497721	-1.3533445158886044	0.21493125432991925	0.7125510852529882	35.40637998614145	411.48659064075576
118	607.1284094203068	-154.5415123192151	977.4674806336668	0.3890434994141101	0.25639716491114034	-2.1835631148611205	34.35030862042234	479.7511514092438
119	136.55716199108574	343.6492528463398	-11.586705802056144	-0.7125631641601419	0.3582799447827074	-1.1578870235185887	33.650018506053	329.42798936590276
120	598.6339241925166	531.1311286601377	478.1033896668399	-0.5993168516985741	0.17056516379675035	2.812233179639985	35.0636574712346	482.6143178841279
121	-57.216022625319425	156.980558870698	-178.81841409438005	0.36711171550311955	0.3843051806101748	1.486165336909608	37.06521824390454	437.3611432827332
122	692.1848980331763	-131.30099462710172	773.8107709106202	-0.33512683573550744	0.12276991691138353	2.6153618243276964	37.6836149790001	495.482415773459
123	323.735841901841	-74.51497101300632	-25.54948377212216	-0.34167737574309365	0.15269871571009805	1.3601500578413037	38.58793776894763	309.38180504613223
124	859.7548413146358	32.09247410192316	951.2287977233746	1.9623992199755784	0.04507761987816248	-1.7296304264966778	31.552489987858827	329.3926622086587
125	-188.37659854610268	499.17516782275413	797.3862824959017	1.4753150736633276	0.5757766617806708	0.16216598356923784	47.557355176780476	472.84038210147764
126	201.79336232082633	53.82383046761967	569.3275815155872	2.4549060415772317	0.41954538131885283	-1.588404679506045	40.23964210110866	388.0233005278866
127	509.90574538398084	-155.30160756909623	3.722477553137452	1.0658464078462717	0.2684390478055619	-2.7625092776693574	48.302214757036495	469.7099222418361
128	-108.89786086273861	429.63706996367307	359.6742819052498	0.11892729996883808	0.5197360270168789	1.181927805233927	39.28754777972489	408.7078604006657
129	360.4396464146947	246.9794085294986	235.28493871369406	-2.3716410072008225	0.2794627472198338	-1.7765217672432003	44.85644942930221	439.45819657141726
130	515.8911987679841	129.38705907337553	1121.4015219710013	1.4998579889851102	0.20261182058606117	0.07664191555332898	46.716295222642266	495.52399443510376
131	823.6550334930698	196.46006128402567	97.48350103518223	1.662339042534294	0.16527532780078905	-0.6978177144572435	48.67611827061543	357.0133222550549
132	838.0299507422867	46.01591023161777	197.22749243852806	-0.594232004892784	0.3482513036592172	2.306904880921206	31.851978841000353	448.7027044790617
133	-99.69346673759776	538.9501898284623	384.4483742101577	-1.0812506094043688	0.1424128387399301	-0.30662369811964435	45.48411449501665	339.012498813271
134	-138.036857534741	705.0256469725695	364.26942296418304	-0.15204636505561736	0.7633296479036535	-1.9574811154160188	36.03377688835772	429.7917045542299
135	646.596455496196	82.8045592128374	55.75480934433759	0.39779969760705014	0.2979929693453159	-1.66487918443627	49.95405695006269	452.3452815324828
136	749.9667161122296	670.2518958495846	694.0293807559793	-1.6012706060709214	0.3326475081705051	1.7498022265467765	39.791030551727744	300.1667969854574
137	-97.16860666913084	548.3225487314613	825.9207600590473	1.5190545680155234	0.32494851313357526	-0.6830460104797977	42.88707462966448	331.38624128737564
138	-59.08302165852473	-13.085128724749353	1235.1804454967391	-1.218105458583105	0.3516562699400833	0.22193263584765127	44.45080469503575	457.56914387400434
139	165.39566605838073	745.8122004147349	382.3014187800595	0.7244298018405616	0.24611588568967208	2.1971313491099993	44.449440295906484	380.7049354327246
140	-99.77380385639904	81.25521862111137	509.0714186496724	1.861162066874209	0.261221874773357	1.573632191578207	38.26868223187698	441.92951616747473
141	963.6885629852118	417.0746204302417	-51.30213060627585	-1.8330260568190269	0.30206205866016467	0.2526286305120876	49.470818813258646	312.864815809385
142	588.7853564874324	73.33355942461802	286.2095550741593	-0.830361295790592	0.2797133395769862	-2.0244085890631287	37.29826113877252	304.9408978393711
143	660.070270035927	199.47114663112333	734.3127933818931	1.596952927336032	0.17732358605786724	-0.4481341520890113	44.237171324106825	451.97882641859724
144	986.5495620195834	1019.7377367360066	844.3810612689413	-1.1783623175758582	0.334481359524495	-0.08681440253376088	42.249671066454795	303.6302593997095
145	814.7897382693388	-92.33368983943484	706.98925104415	-2.7758725689946897	0.07816063038401412	1.0171774935126594	36.274259296233545	487.17880522058226
146	257.65449031707533	859.2607891353991	-248.65631423029663	2.2579022765428753	0.4806760939571174	-0.4039868744745559	48.97673845900903	485.20140313964674
147	888.7904411204579	-70.22460667419205	728.175069685514	-0.08112111733529148	0.3479543081774268	-0.10346236843297721	45.00021367502384	482.66798052431176
148	71.24070232519412	186.01987652198582	1041.7551023622104	-1.8684514836535009	0.0683548608903659	0.9278200340452086	37.336304748675424	384.64015665416514
149	527.2044391841794	968.4605689308282	440.0981512677073	-0.7821560981380263	0.20538767542994527	2.6803310415943216	32.44860398729509	326.9229082487655
150	489.47633172910423	-17.718311725352237	-81.2057751544009	-0.2775675475958625	0.33412436064407136	-1.5839087012865412	43.378055423301504	408.7908234210431
151	203.16431916981153	688.6238872700518	1208.7345549552251	-2.0059227418361645	0.3867857661012672	-0.9708989758721763	38.14116354400764	366.44988184204215
152	-122.03699469419192	678.7294846144514	1058.1710873578743	0.5562566028946605	0.18815857397185984	-0.5443625487551372	32.29525778383091	377.91920231667825
153	415.3671084561473	-123.11537772656987	62.799615027301144	1.383548627239768	0.3672483090275648	-2.35751495698029	46.12439265529121	487.40474282235726
154	926.4742785435706	-229.2975943984507	709.3889664188803	-1.0627933758498636	0.2659218900857736	0.40943918717169947	30.306070558910537	439.26499921119046
155	390.7115213842701	-129.47599642245618	54.63051106218299	1.570731606564208	0.5579969498277392	-0.5478531750192784	32.498279752602585	410.76416882815033
156	925.3598591599621	993.4121978787953	243.44746630040586	1.151900918799952	0.025119072146565037	-0.9158405944964223	47.47220304859769	347.9884997891744
157	923.9708717510885	979.2657310057868	552.4552266285727	1.0889170004481876	0.45900073753010845	0.4798698493175501	38.77947412709595	440.0912089975111
158	494.8412555557892	578.440872301237	925.1434416361587	-2.2879914475432646	0.24049604669416733	0.7423402631652501	40.73747771065046	314.51491350732897
159	752.6383647382075	422.6619722999211	-152.31590250690527	-2.9806491092702636	0.08917003279168138	2.3403487851580485	37.127865362528645	356.4780298472718
160	951.0436221481075	-133.42533024815978	974.4931530889507	-2.7066675547596426	0.28833331750506636	-0.6055282255193927	47.09138862803147	356.5934561430817
161	974.9227211327232	786.0874101177992	1015.316793217675	1.567734596957131	0.4169933147105514	-2.6202860692670606	49.81267735621985	400.9945816741823
162	625.3847298624786	575.8970940860278	478.9988846099468	1.6528569108210567	0.13036606643217744	-1.2059342445008785	35.53283374962333	499.25634323079356
163	804.8067788566002	-214.07508966144454	522.170695149062	-1.725079826192893	0.4220323158910598	-0.5155953030069311	42.74790758097838	308.1035693453974
164	72.95069908714103	-98.46591391235663	795.3091234037922	2.180962363489465	0.4448644582884041	0.02906295727852602	35.40660888375677	340.3040381396773
165	896.45009866689	948.4802997308163	1244.7041912738564	-0.3936119035187319	0.30359900289118275	-2.2480785439160242	30.069772322163853	354.3956193300203
166	830.3370250502323	239.65618667967507	1158.1515022023264	1.6757441007239215	0.4265423812435114	-1.563495668000318	47.99963992922606	305.8958875214264
167	47.033572809735034	447.88678874903235	796.3489538808565	-0.3716594856794997	0.283747765535276	-1.0522606703207489	46.749104039922464	479.2630591687461
168	1026.2400425489498	-58.337629517586834	985.9398984686441	-0.05414865433746061	0.2747817688515321	2.683727034757674	34.387257791825945	359.9767659909648
169	-76.31898101418673	63.03487048930978	-62.766628493457006	-1.7177057376877354	0.12943845304059873	1.4638902850673154	48.80360109219923	324.0735331236009
170	1032.4582140394875	290.36390235092085	202.81223917659221	0.7460327071262303	0.251715398537291	2.8640287760515957	32.72818233506168	310.78600954391686
171	196.77101451836418	627.7652420613547	984.5641630553184	1.583255172253045	0.14989324684999897	-1.3290260570568482	37.54740048414589	492.29443696103874
172	1083.500008668122	-199.70446304963122	-184.44702559397575	2.8183068063676058	0.1692849601124805	-1.7645085636851336	35.82470394655055	411.39442711088816
173	540.175235962858	190.27473123532	360.7603709431214	2.7761578992024165	0.19684673781735706	1.9173073509731942	34.66235171851597	318.9193892943339
174	372.2097348024672	906.3386068479629	108.05090335134489	1.2985758242436145	0.3605368962087944	2.4633892564640223	38.78383646608263	472.13855296002123
175	970.4934725289656	984.8440432729028	619.1288886729077	-1.91409722614857	0.4773198175136461	-2.122315619544602	34.733178189298634	424.08214069469614
176	598.4325865649525	180.13437469307	1255.9638388417256	1.6800183663441317	0.3190434449432936	0.45745161967355447	34.74629414861851	363.0478251957243
177	-2.3227257716298197	403.11429247717604	-82.5081991722906	2.6045791591070473	0.44639753301737245	0.40368057764631377	39.431149869991444	390.2616435523584
178	777.9609195208941	-57.6328491511818	-194.15998421952946	0.5718760812818809	0.480686455169707	0.41055549188326956	30.626998333742804	468.5540045635945
179	1019.341925249772	874.1378622054458	582.2036845483756	0.8891304194340709	0.2351077312212689	-2.550802676289463	49.20349729482699	459.28671198127654
180	-204.33337104006424	325.3948869168894	605.4173657574435	-2.003577520569837	0.2303585037146937	-0.9386052865615916	48.189169152525366	432.09372923057765
181	318.8791773614413	806.6004854804814	900.6404811140267	-2.4467941881475403	0.14570851256487607	1.7376256322391588	34.896828083232776	357.36958039394256
182	796.3085398908447	749.7896349209541	-253.4223212368823	-2.354929908605953	0.37535742945336525	-1.5391140685035296	31.31985177716104	301.74296183617605
183	74.09431745394912	536.8974240758697	1125.857325552116	-2.1545656849241874	0.3082327080248045	-0.27004406904220546	33.079668506343026	473.34683433290206
184	10.97788875783462	297.21786943633174	-124.89541261910401	0.1606216283120996	0.32241790179527763	0.9831138158668046	44.01591384243652	478.76338448849526
185	-171.62951563310753	360.77148093333483	395.05865424238834	-0.7560580339187819	0.13319761614177286	-1.0745604263665263	41.96525751407107	464.2684557563218
186	232.72257803511192	878.2369520687723	561.0094861747493	1.2026779141441302	0.26504705725668204	-2.1640981953167864	43.67878243875948	460.14066300258935
187	-114.33173940032881	178.63512490304996	92.43441735997757	-0.734938746415516	0.35459378418007637	-1.1033536662268058	48.26444693903576	348.18449920564257
188	-56.5963903380362	432.62333134593575	1267.47706955417	0.17103580257241696	0.32258344412691414	-1.0621223649783558	30.429975623420013	483.71315174803556
189	142.97871163192283	16.60417031163118	486.91673372671573	0.768024304516952	0.31028765779018186	0.5191420608786546	48.29310115427894	321.5303758583505
190	544.6076646512353	871.2419532881984	173.40215892221246	2.473286347498231	0.053728488310805095	-0.4852841877558573	47.267582647585286	464.4054217535129
191	640.5668189497791	903.5757223865337	1232.6042851327154	2.509849024134808	0.2906460742629002	-2.96268651746212	48.13874345870465	480.8469264979972
192	-250.41008615510887	-47.99035542546096	1233.7064942979814	0.9500264179182649	0.32650036297060525	-1.8154335662266654	34.83838978958028	401.5479064875611
193	-253.7388456146118	250.552540572992	1161.9705808297053	-1.7212776252277027	0.1420137402060367	2.5408343313373747	30.566750790812243	475.17299732357736
194	202.29798299714108	-80.03043148393803	-212.65620740894633	-1.5080239157629203	0.3216964663977646	2.2363143441630067	39.34919581890934	365.7968383278557
195	829.4592983511081	140.69567815696584	957.008213816772	-0.739755934415046	0.2520150994228775	-2.4599291017265865	43.47123884874446	347.3303430468292
196	143.7257477498247	82.83007986255578	4.685116703122759	-0.02005671788589444	0.29919871112121893	-1.1850963666861587	43.957081190850516	418.7432155337001
197	601.1026998404504	804.2823243548776	-210.69122844550265	2.4917911940920168	0.13848902103255661	-1.1455778640483478	46.94818026357648	454.3578653695496
198	310.03461976422705	984.1189292874076	-149.5202425164882	1.2046259014402159	0.35027838867665284	0.5268052971326921	38.31778027464884	465.78011855564466
199	-240.52391542536228	807.4862306026355	1167.466687244207	-1.7274284403033502	0.5182417171526384	-2.694691551025281	34.83682419638272	432.28671002664225
200	990.0360665397441	225.7159955614201	-116.80061070514702	-0.36949936637452857	0.11759351606255122	2.9266676126550792	34.582313810077174	327.42411814883457
201	1029.063155390411	1033.050991739062	412.23751374912126	2.165291093440893	0.3783490708819582	-2.9189194194190726	33.50673288644024	456.1894268185265
202	-167.27166421270294	147.58613027751758	1059.3290902363965	2.3794065191994034	0.4272485000735727	1.2288312593654516	49.80736089127621	425.8376584408497
203	682.4138754410975	1099.3405852088622	-139.54361492686357	-2.408534359331392	0.20369809450925078	-2.282979868318209	49.30375572889765	383.79278756116685
204	-246.54119785204216	143.82551547009368	186.4096491162845	0.7371204404689405	0.3044564226498253	-1.9883852228888232	45.31335630157075	333.1574575454203
205	238.42986241446508	202.44910807017416	206.45839648650545	2.653424167106375	0.3692686641676445	-1.282181543625912	39.208437301336446	444.4185991296545
206	180.2949470050165	934.5218676506515	645.388957410917	-0.508083317593882	0.2522303976958883	-1.75098776733949	39.33721904843007	467.8055964173141
207	1075.7195354066992	717.6328485284394	882.8310976138794	1.380027575477829	0.25885681187662885	-0.8692521640880718	45.392908797948856	423.0901995961362
208	12.659076764361174	154.1596028863194	17.603834770746374	2.0557748327584298	0.3851232649782378	2.111903415719262	31.67961344237993	467.0339150375343
209	412.6907984258802	1052.130829068915	1198.7299268283796	-0.06603343043356201	0.4066671459574249	-1.4350113684762118	46.64918218633725	402.9252419692165
210	594.6109504590461	912.9269010481376	1110.717894730112	-0.8319168082999343	0.30290982603804806	0.04645482042091815	35.35579196465523	408.6743796791417
211	709.5954280717245	748.8925096900563	438.38905765620063	0.839546135487479	0.4050613745544624	2.417522769957373	30.245640862721444	394.62940209695967
212	883.1914700779632	166.10414021565398	1176.182220096112	-1.69013238515608	0.3355289106008798	2.8077299127869315	36.06923211770075	300.02057193372303
213	302.1012574766893	643.0120115022597	134.98144490500883	-0.9486393605397814	0.07154914624897943	-1.0981035745972287	33.0981345463925	342.8809222538704
214	382.6359622094635	280.9748180941998	793.3585071218993	1.9960491130517743	0.5634806552061814	0.8866831581971341	47.673575890773606	341.46023305692313
215	209.24144481866458	49.39177769992446	-215.1544115361187	-2.5911780986025064	0.08243282714766086	0.30418258516716423	39.301374651356916	314.96800641661827
216	295.494142762245	843.803931128987	340.2135532113691	-0.9898650183325278	0.34365222759344644	-2.882764563425001	49.93516474315529	317.8073310959632
217	371.02560185037714	454.6515855695459	-56.23320390719749	1.891203859080264	0.2725694997142142	3.014173591650207	45.97480567628622	433.3726678204292
218	1051.8474308226505	1059.2544939849408	-200.75261178937862	-1.752755342438656	0.38146786861617704	-1.23575719805388	33.84948923129885	481.88150335503076
219	692.7129576719301	610.6832853173721	24.18924090732881	1.7444186567485964	0.22772237739649798	-1.0248019510222373	37.44049204281515	447.0832999802798
220	296.8954109415022	-124.39396584272663	307.1847746616122	2.0392344312593274	0.27827650664700326	-0.11350269115034843	34.16612729417176	484.01774851378957
221	-151.65236047183566	611.5444531535205	1080.255239776742	1.9603044357444446	0.19723865381569738	2.6381298336356322	45.53765338113015	494.02276593897693
222	-122.94577196164212	512.8948296799783	708.9994189642235	-3.095592469610215	0.3772610320347912	0.9235850607985121	30.71739846160084	305.5216994583557
223	974.5862933804701	-67.2266712367396	878.2540436012239	-1.3935091503827242	0.5198015035789535	2.6974279848759783	31.217591678477884	432.0021883076598
224	387.3646536703459	276.41243720865214	-67.6237818086019	0.8162133497269418	0.30713016519348485	0.5675961435016169	39.46349042476311	311.9651287014075
225	240.2935416754959	1006.7849923503006	-161.08873564111056	-0.7296227708166358	0.31472990868127015	-0.5433629986761281	34.94376589031784	485.1011239297019
226	-4.154819051313382	246.78479455754987	530.7020149579286	-1.900745576905421	0.17847376491017902	-2.1594020588792673	43.42066834531576	437.9567698263339
227	844.2710220995452	1082.7007317629673	379.40958890063314	-0.5695760763053068	0.2254374995168718	2.627744560076442	45.76407828764707	371.6099812119586
228	-54.099103327135	161.3012556113912	850.8315199101271	-0.8997948567002878	0.2922139139445657	-2.87771977195118	37.73157082422235	385.52641350577915
229	177.04838827448847	206.9571302929181	664.1817550072553	-0.41462098727796926	0.11955267186168912	0.5973509453176534	42.347137489918275	452.6591461780212
230	-196.43140134452213	252.30384703198038	345.86812665884406	-2.6997438330515426	0.446511174093802	-2.445127868441611	49.76990437347966	351.7852590601634
231	59.339853509326275	-164.25991113863776	238.78241807006188	-3.1088636139954366	0.3800354437979765	0.4603914797966918	47.79362750048086	498.88607740941865
232	184.08504484958272	132.1251553765309	1193.7035189988967	-0.45983952350208684	0.30365244825420207	2.4852301892369884	46.832718469539344	465.76829341670305
233	1023.9705147219897	541.5281225569184	-8.487600295944702	-2.640109949764651	0.09156661865001879	-0.3383566159937301	37.890714941928756	406.92977114279455
234	-101.33637674583463	756.2719473638381	1011.1495543909712	1.9534262304031984	0.1499105418826839	-3.081562703241671	30.113599132686222	330.5283448580098
235	-222.449210555459	-14.122205790778878	1142.7040681720136	-2.2508794622737676	0.18893325555499357	2.7839621039638542	36.57276134331176	346.89584113781416
236	-211.23877677981596	755.904312082427	77.1592153920104	1.6815906895564898	0.09748941429971074	-1.012247256424047	46.02591673331948	484.18724166495304
237	390.21332070903316	1007.0441066527171	-232.62248919492842	2.063243382767314	0.2842742899769454	2.8584893393524857	43.807814189428925	465.0642541361931
238	265.14936043069804	236.69799292895036	164.97804020877837	0.6503478601700353	0.21647213392829237	0.9082601036345157	48.91631871712157	459.48831250181354
239	-58.95236080011912	874.1133970378955	725.5068136192368	-0.06525386809602664	0.17531519643258414	1.1548994474197074	34.24152187810412	455.14378965189513
240	1098.8584214957557	707.5062995304829	1154.1219462758747	-2.056914720789582	0.5408507833334831	0.4511452737693922	40.642860662481795	317.85173288088856
241	33.64279927952711	832.4020916567836	1103.2038603535295	-2.670840605540357	0.16962317265276564	0.8232016347850372	39.743474446617114	495.67443520114205
242	686.2489475440182	1050.232798599104	-48.34993597956904	2.177681987649019	0.31815256404950126	-0.6217759918884866	49.24384727964379	378.3345942384082
243	1034.0255027938083	767.7431653900454	-108.09250309216773	-1.2776523954617025	0.5963324355286114	0.040112162184655506	49.36827213133338	359.0832910815481
244	94.61961121000175	319.02533513987794	179.63011074536874	-0.2361863057545357	0.3654023713351739	1.9825689945788658	37.326625747485515	360.8575419034449
245	-42.020116169605615	674.612641039982	364.0230503877924	1.5662539311969488	0.1718193073519465	-2.637969514399487	30.325088212242402	360.44086943956034
246	679.3919181121361	750.0927822932564	-238.88222432145423	1.5832041634891925	0.11560932466706868	1.098698789650613	43.637362300744584	489.1312455679803
247	840.4550877178751	71.31349724504744	-15.495455679216263	-2.3544602270906108	0.48221035097344456	-2.6979884071911653	40.775766712847776	322.07787760078537
248	279.39384135398484	764.402587241351	312.624716829971	-2.6686172250655487	0.20427741728659393	-0.9442836886039941	34.49168439438316	323.53048009262017
249	-253.82572466221995	967.3123262419588	911.2799309317827	-2.1641154573176014	0.27462829144493833	-1.836380152076772	35.982882961008485	333.1336040437091
250	-95.92321110789891	818.1831413716993	324.7840360959349	1.9746023888007351	0.46674642013871764	2.3800633482525364	39.53114764366188	427.30393586093635
251	563.8972983083786	802.4106634811887	95.63318347908617	0.03696072501220697	0.19658000998357447	-2.6363075645525074	31.80572643920911	446.813773628609
252	1008.4429252542889	-204.4703549364523	199.17488839775106	-2.5188014619608943	0.5038532971224056	3.0683560314875717	47.44148395187085	464.8143372419464
253	81.71659612809637	590.9771291603629	170.38896035811487	-1.6044517763345056	0.16102680372568012	-2.821475844918107	38.68366705161634	333.09745090508216
254	438.32629915174084	1050.1622954139716	333.36190941501957	0.8771360382546317	0.18008044418222002	-0.9033783109927848	30.278280786843712	325.9821298640092
255	922.0703185243733	406.97089938064323	928.6343632756916	-0.1631062492566209	0.18548171692700152	0.7116859427345767	41.41582751139707	441.25147810750894
256	774.98297354016	-174.8845637694519	431.02909818127	0.2963081286042256	0.23816087244555922	-0.18277107774806137	45.11043891500607	420.1179956804212
257	246.99256515695853	240.6346039551921	482.0665277430719	-2.768426362581135	0.3455816588203717	-2.9851467616587635	45.706877920581015	481.24971276868024
258	274.6452818237142	349.04394839813096	737.7197981528636	0.701939521167201	0.256705400029166	-2.6214684957295424	33.91531135139129	491.6431148627563
259	227.21132479421803	589.2931505121154	446.63475862826385	0.6206856170259284	0.3347089996496294	0.6074821852420759	32.7847372238661	435.4929715547512
260	1091.4441270463099	416.3495119736499	976.539620875782	-0.03700701778959403	0.2405427911466691	2.7378717330997775	48.5542878194196	485.7161675915353
261	686.9689435104892	746.4617644284206	1131.3966126418927	-1.4829204015642639	0.33825489097347045	-1.7368393977409238	37.491591109909066	454.4790198419432
262	-192.48007094228745	-30.383322987311658	931.8513267765445	-0.9948595714104365	0.32834697445538263	-2.441361132960877	37.199528837137336	469.26847417712935
263	1038.6622875258158	1081.8484697428842	359.6759686426533	-1.5373776355816848	0.20416882350597082	-2.8497468351299027	31.042890492520968	372.5961550144765
264	1050.2874519961842	674.8998810270692	267.70881948891054	2.2214802826412354	0.2459833133809786	-0.48744205602405916	46.54230618368371	388.78979222676526
265	1103.489602679771	1023.6069140988848	-141.95412135943627	1.6974719017965083	0.1922203071704877	0.7719231721662261	44.997614522087915	351.809530173392
266	878.0683775372079	142.4781504561174	-144.2098264723346	0.6345207635851458	0.6600396181115951	-3.058724575990011	36.945162279861925	425.27301963210954
267	647.6770262435781	828.3290194575841	444.2929376681003	2.824795765119367	0.17231437521148962	2.783180576922273	46.047647090372195	411.57199092968057
268	12.823542370947877	1039.4434712793814	392.1333598341489	1.0527681531831643	0.10865717375620419	0.756341672091685	32.333602543348995	327.66748991017994
269	1032.5571561754937	419.0376428819162	391.6719789418171	1.3801560925562775	0.14659398467320855	-2.7731641274497947	45.20096815259872	342.2211708392042
270	866.4176249549239	-130.76856984996064	469.7657308507074	-2.049324949081381	0.2991848863217189	-2.1219120021386986	30.834806099586245	452.067539199257
271	888.2049581803801	120.53620215912295	901.4839216205582	3.04098562439072	0.19630444221006857	1.3998501535425976	37.880771141560466	360.6014730936551
272	794.9422783497107	1025.4126349083015	264.3200817202563	2.219595408427954	0.28003829494429067	1.8851915078159147	32.37639586245052	457.13697070708287
273	192.35545472474027	684.6330595349215	87.13220050724178	-0.45362433823521026	0.04454954832286637	-0.8218840003222347	33.306048876188065	337.5147636338193
274	727.9190112742356	254.19889737985878	-114.217688337673	0.8734820885268045	0.6485337551193238	0.7532237589177522	46.76984827879669	460.368108806961
275	566.0150091854025	686.3151240337367	762.9092203926396	-2.6092541557147806	0.24454151376782582	1.7822143514403637	36.042030161438504	377.8565112712916
276	67.67729357933754	399.5219113472492	649.2197400683058	1.1760302962683615	0.26944363986889214	0.5103488798454427	39.87295544060662	355.0983850225052
277	-3.1811189712690293	489.47054025212867	56.27239817648726	2.013886383707928	0.21261768225826136	2.9053699814006118	32.854671380123385	305.21525079881644
278	251.57243093448457	130.46169067234942	451.495052899505	-0.3281082079765814	0.115172634563781	0.035747485426453895	33.07317052140838	387.5476860110136
279	1063.4218282933273	265.42130694076945	128.78186861915114	-0.6100437236602742	0.26071405468730063	2.159307777785313	34.370451773943735	444.77983277960163
280	378.06442588561663	780.7893539057	724.6776202350156	1.2940064242022122	0.3774497960148786	-1.841894396021215	49.947973343139125	441.54696919282515
281	1047.1944040435203	-44.46948563389964	511.05513117522366	-1.9330925679082978	0.26075651654042065	-2.05231698856582	33.08688912674113	389.6414469061093
282	150.28265675376358	287.9701860716914	926.3561946901661	2.1507946753415963	0.09423223638679634	0.5045442289601849	32.94951485608465	364.18997575298965
283	65.68573382347105	-215.71150263002255	245.65044401528044	0.6364037689282701	0.1792843134544569	-2.704964332435274	32.89107771907959	309.56449109235876
284	-2.8715740947613426	592.5380282212003	400.49855901853573	-2.4140555899854705	0.2207525267161653	-1.9505609169429825	37.38982651464862	465.8614785518823
285	-178.4081532691089	602.8736939909488	7.233699686369363	0.25738981323760707	0.28965377041892043	-2.8106951400474047	35.95791083882446	371.4668158533351
286	730.4131394054447	-210.4219259653491	77.7721529837016	-1.9157066182813072	0.2034546979638574	-1.562254018696316	30.356504882947426	441.18450779202624
287	-179.41570568860914	588.4056069630453	586.573631345084	-3.1396443373918825	0.331572098337477	1.6645101589117395	36.40187040762533	326.7929480748605
288	-15.726276276923102	848.8184435203918	414.10027428784565	-0.9682125066083423	0.2086270469422008	1.2165252080390405	31.555683946067564	371.4817958569306
289	-231.89354163493402	587.8227989990663	338.76696070343087	-0.6665934051919884	0.12514974070998902	0.6263285138516095	42.01017223164672	377.71931652381943
290	747.0244016383147	888.6573112714157	921.235379000718	-2.6283760099687634	0.06406784112191967	-2.3979237981917545	45.8683641636804	469.67630833643057
291	-100.50569921525488	777.9501198705952	-252.4688810889854	2.360578663565924	0.29288637614188945	2.6740135811790964	37.09259981705143	460.68624660895597
292	1074.6525972342854	823.8389652047767	814.2153317557008	2.500150461416133	0.1424606262120939	-1.7164478507323668	34.128085130268396	453.96366907376387
293	494.64094274859485	43.43751292523942	952.1733930710311	2.180353612441459	0.601079910028687	2.4723944938298565	46.836365252190475	330.0276854013864
294	1003.3907157554056	481.6831908128446	1066.407705660516	-0.7794937740946963	0.17195481988597044	1.2224037127414367	41.45624403006237	394.76031242977524
295	882.5221516701131	942.3042334721247	853.4354656346268	2.340743992007089	0.472997711875083	1.7768514090490661	37.773944856619394	395.1281166594036
296	306.98560844063275	772.7413984062016	29.33552084704334	-0.4843941532221544	0.18478243866328725	0.7701236321945729	44.22166662957121	471.6707931581226
297	560.8557737422306	531.8763322129314	1078.4684759726988	-2.142968029829039	0.19943189128949207	-1.7866153728372425	47.287857508104935	351.1910307760157
298	451.035356921378	174.92542926123238	406.16013330491865	-1.9603888388681194	0.37032002769309447	-0.03828153904841647	45.42482192133316	492.9300820503291
299	426.1916881856703	162.17070384241308	1240.9271449605646	2.690740762237578	0.11058404507746807	0.9152226190396519	48.62116795546457	411.0551906202006
300	527.111269190547	-239.93124075231918	1175.8705572062424	2.074815279758752	0.1630003158588062	-1.3969438776699283	44.28901808779801	304.88160116619736
301	249.45213552318987	53.74904675484706	-131.97411360930607	0.5870723469237936	0.32877278531386805	1.5839260819177103	36.64991311332598	414.2972711609553
302	22.39646771657746	972.8589400751346	1009.7278667944163	1.3823657189032992	0.4781987654806743	-3.09546241083381	42.6040084400638	476.63099623110463
303	993.31087929559	733.8953913590528	1179.499117251453	0.6653654314723392	0.10408688559023914	-2.467890327393587	30.859266081114527	333.3430891357942
304	909.9554356592123	274.6698616436962	879.1127207591865	-0.5989640037322598	0.02254464630701422	-0.1088307066828442	43.45906802280767	431.9717189502354
305	668.150901521227	885.4229588353287	0.7992454477810611	2.933887268000427	0.38197005043337584	0.32128903926044866	37.499676257471215	450.2711530778098
306	-251.03633032169301	739.3025948514218	564.7666364474761	2.107846779856425	0.34834520206575675	2.2724340624015746	45.37554622152945	411.83849145574163
307	-96.38580219340182	922.2684570931085	1258.7557699410086	2.651192933731172	0.2553995975912335	-1.8950326082058437	47.63861447057852	394.6933245747937
308	22.549623756489638	705.6325599495075	128.3806624286075	-0.5766263039419858	0.34269929802217036	1.4813610658892078	45.05019611404396	436.9329950670541
309	310.2457546443559	579.796310304957	79.53530047417806	-2.994611887777481	0.43846027860200154	-0.1511578951475452	32.9480456598406	363.8655866086209
310	98.69376450590792	974.2870783837748	-61.21379456397696	-1.302698847532346	0.7768451155821493	2.5025731006203116	44.99216483762426	391.62712566957254
311	-32.135349627742045	254.39661328699648	591.2293616536749	3.0220550150596828	0.4411886362530521	1.6418363859680016	32.02457826096028	415.77592456288625
312	615.4604208441122	71.51690504546619	412.4475581006808	-3.1100895123677055	0.17723855032528726	-0.3783180416870569	40.826941348621	314.4267786737823
313	-15.790119292849568	42.81158960059676	-183.97039886843748	-2.9534272202713137	0.3811517812689615	-3.0043919032663653	43.2503811610027	435.00468311062343
314	416.92014578019973	-62.42975145981376	500.2335762980356	2.548263854942036	0.46552330357794086	2.692998485923942	36.83898651300014	422.3354748398315
315	165.12018457576815	683.2867367368692	1238.3769313565335	-1.6873029633934549	0.07124647384274754	0.7747193970881344	42.88247215344896	486.0629933283275
316	595.9272784376144	799.2112300837189	907.6257036885338	0.09078089450251135	0.3881490711292309	0.5534296990477396	39.6432014515607	475.4808118273741
317	807.7333141602044	-31.912519209606728	562.1232123035277	2.056171324436623	0.3976656246167823	2.2035769851135796	42.2512145037156	454.0559128853937
318	-13.773382466286478	766.8476523941413	19.655026837910356	1.2072775933820286	0.15905393864302836	0.7254602469854523	47.969533625923326	408.8564438655933
319	205.88739783969547	323.70598850967986	1197.5589338879456	-1.152720671032686	0.2273198225228843	0.3970466786587474	40.55254631128077	309.18471162577924
320	706.223610300955	603.0040861951533	198.03040522475666	1.724759309158653	0.35339134257498406	0.5593205594039415	35.26910868779701	329.49163037029433
321	-12.36776725124085	517.0871438589256	22.531252991283537	-1.5567959957360165	0.052234940966394326	-0.6906415854401983	37.33877971951318	419.29657781654197
322	940.1148639087871	930.0033615137677	894.048920657071	-1.2641517153547648	0.2435179135262032	2.034825346603103	33.60081957040114	325.98276735496916
323	997.5689738659737	1054.1909891437099	461.4394604348729	-2.141836932763862	0.11961835321862052	-2.5708994891891077	34.04245937393938	410.35345515833853
324	314.45067210892637	62.14531483394151	-56.56732784145896	-0.6847558104642836	0.17250591312431876	0.08282506846073451	49.55509252295198	390.8745313105147
325	212.66560957494048	779.6779217778126	1150.3435110499606	-1.2617214843759108	0.38794702822689087	-1.4555476244047292	45.717685362244595	482.43882131856833
326	647.080889680115	-93.560506781378	116.46690322928717	-0.6614355269862914	0.2362909172540243	-2.946770465795155	38.80354317998241	476.9420468905234
327	356.1737016493822	147.93754336953637	-44.20944854126034	-0.966224453329946	0.44188791054293747	-1.2372908704410774	39.0169617572685	358.307888897062
328	436.1689003775118	-205.35776219827616	1051.5260640008698	-2.0525319435656475	0.10644983483331337	2.873583918650213	48.39707461772498	472.5859235775795
329	586.9128320028951	414.4804151397275	1135.2458310177562	-2.9875738129299028	0.5456064527610516	-3.02207257436742	46.67832181702059	374.34260455534115
330	263.88001159076566	552.2700192413384	1157.2719723115558	2.7730118156595127	0.14823721455576577	3.0297730874313467	31.01215004291385	304.6866963182551
331	670.7676067777306	-82.70134597089074	658.3813513915175	0.9222141224304385	0.22138456311253712	-2.4126893172947472	41.8187525264127	352.57542205617756
332	816.8049501767819	628.7696912580942	607.9989673606831	-0.5159309343247859	0.47991016235024614	1.6513484545583066	34.79993672213938	482.81084396834854
333	701.9898181276332	652.3878352881294	867.4314668611808	2.706755493108402	0.07235729536518419	3.1337890688602985	41.77041776029802	482.4828835746878
334	646.2496174984238	3.378718086947714	513.6309106303913	1.4159052901115095	0.14242881311518707	0.43507065176340504	49.016722377049845	375.72891972749494
335	467.0151040770886	597.9700526535	926.1153763290033	2.46879493622218	0.2851274170899542	1.2786850233080151	33.40798694127437	301.8029690573395
336	424.3138608612335	537.2990228167604	-247.42105901607607	-1.9132237651963095	0.035964666048274356	1.373058962568936	35.6102338897286	374.2137663604095
337	382.7314354739784	219.49104688509553	1269.0345871644145	-1.1090565034664126	0.35579528772419716	-1.2793941920197913	48.45867702869978	340.6571930067842
338	1019.4928763364426	-2.00362407500603	586.0045514258371	-0.15496796850754832	0.1350060717784625	-2.9503877739530235	43.79101323184089	356.28264918627383
339	337.3341317814062	852.4947249189572	-59.25144815390331	-1.5018528791511054	0.08003781863020966	-1.678638600798884	31.28727928891947	373.75158465192266
340	440.42840418187006	194.6702282081565	609.2262593348172	-0.7908454158264073	0.3036241233483607	2.913911380767695	43.329422778407704	406.0264136153771
341	382.3340947695601	602.0297125150506	642.0438243623411	-2.851890677398209	0.3059310357177658	1.8908860130398006	45.332404129604924	451.75877488174285
342	-230.49668881804982	995.8840049369605	-24.75839728227095	2.6672916866812075	0.42511344500290393	-1.3128450192314507	31.461022625515078	495.25505262805405
343	325.7603327456168	677.302569059369	835.4827390874411	3.034438873418985	0.4060904989022325	-0.9003613183756667	34.05059850272822	373.87003428349067
344	156.88061658712903	736.6609963333486	410.0087564327504	-2.0746126084354213	0.012557231432891126	1.7914299191178769	46.89851971571902	365.10917693922704
345	847.5038506613682	434.9053449233395	51.353512832898076	-2.939946096127423	0.17173382600065076	2.268393320219972	43.74617237204411	338.92812712127323
346	694.5239337813501	397.20062207972694	-149.8437388749453	2.1072463498266805	0.07712008992130147	-2.6072214404941376	42.26496914113815	387.60731081008345
347	874.4846360526226	-147.47325004101822	666.7234091262285	-1.4610956338487597	0.3781956767510381	-0.25849891093789557	49.78570412710192	442.90695484230787
348	1002.1000459453549	-210.87025021222993	139.5361559910214	-0.4313324319407671	0.513753924681351	-0.4803041802662283	38.11565752659867	412.81609390486386
349	-88.9973740255551	742.1479695957524	575.7113294950537	-1.8729044339802754	0.08462054338494804	1.7893227487483307	47.43040014447276	379.2552880744448
350	588.354600117219	1074.0665461879698	1168.1846910119682	-1.9657086280268994	0.4039058667580002	-2.3737743102678652	31.21889496801094	332.2512906732187
351	139.91445169700805	863.4898564633793	338.9481828182313	-0.5477511266829148	0.3049832260345029	1.8470997083823122	47.506853028778636	346.23280517955527
352	-210.7735246104426	429.0392327003175	146.73442512526415	-0.39513367528152293	0.38592335264874067	2.9559362436792447	35.94914576119206	327.281325894192
353	545.4613983893613	-139.79770909521073	60.9448395814168	-2.360810146135237	0.28894034845148653	0.34392380216016916	34.84368410765151	487.29680216762796
354	204.27808879325866	69.85207956693048	-97.19291589016589	1.1678910186893174	0.2597448739885798	2.407492223438568	33.71190507870667	343.9010161362054
355	1064.1920204196356	107.0238863053261	270.7607336020641	-0.9490883733913251	0.08321629739778481	2.424920589479363	41.743253002762565	487.39653700701444
356	462.7334829964134	819.4349678487672	1104.640166917763	-0.723571294159609	0.2864930411396419	0.46968742253020246	44.71923009926136	378.1330267559765
357	970.9953949728865	703.2507493305457	-185.29304333659536	0.5432239245730969	0.35180301631651256	-0.39868104001061877	34.50256218770363	348.71052119806376
358	891.4715843188642	879.0308322208459	1046.5911144349598	-2.701081315225537	0.7298585308491359	-2.701887477479628	41.16088650845809	387.9241501816731
359	144.52994980316825	468.6063697771656	1258.9296340682843	-0.33703115015446655	0.4416811304611908	-2.843254204818641	36.08138643898428	444.3872060914266
360	644.7398524738699	1010.4791881270746	19.850950618561427	2.11349550143536	0.47222153978510784	1.9515961597294227	45.015248985332775	355.46312113887603
361	-140.19693346516445	661.575413675023	558.5149179000065	0.9988180194017439	0.1102173957293459	1.0773560259523327	48.00597165725436	390.5807662191127
362	194.12794599537048	491.8717025958325	543.6086880362653	2.719436521352869	0.2898042863839896	1.1403156405910941	47.350091019612954	405.1630548102867
363	1043.491222752268	729.8077099373257	57.03748574325496	-2.8056335370303316	0.25876476225655054	0.9680442153026045	33.93037528513565	454.8318122441452
364	-177.56673238893774	417.9159408181872	1071.419846441875	-0.16776661334898102	0.33902361742303955	3.0886244907935154	31.25037815427634	426.86004257928045
365	759.412546111843	576.874014649208	533.8051068438305	-1.2053755577775347	0.40498150510437014	-1.8753826871659165	38.176394731527594	365.2242326339837
366	933.4599526990487	-6.972234473452772	867.8018216863954	-2.0817722835137817	0.08649393352526724	-1.4945894654539489	38.49916096551201	317.34348842029806
367	908.8480345901205	255.61789664832148	732.2568502094177	-1.8862986155380634	0.21659257185601932	2.0827332067285402	49.9235856932285	383.6916332903448
368	1054.2596274570535	13.554786461973919	779.9538808994052	2.4160334207580534	0.3154305235554278	-1.5235777813551963	48.39946991009373	300.26539408088513
369	-204.74661598137033	1088.267644884571	793.6578851101294	-3.0989775080020365	0.16695489507911745	2.1420659797201855	48.59961966073004	421.71256605194947
370	14.251841429801942	318.2439603561521	663.9683905604816	0.3862155056294615	0.3680711316862117	0.42266155757815976	39.430001580377784	394.79925402934975
371	160.26640406364723	417.2063591467436	59.650237616487544	1.1746136344795448	0.1928528079498607	0.8397800987129267	42.5678801160668	428.7264954827679
372	215.12376042135176	-182.88344487489255	326.78715448043374	-0.3597602456162988	0.4136205802229927	0.032872393929741055	30.97193144615495	416.42419529745547
373	622.384123104552	1045.2847449523736	343.83065223695735	-2.495370208817282	0.18058834019105519	0.6498135757336004	43.15379266507225	373.53976981603483
374	375.0840205458529	779.3866751192263	1270.1129175885158	0.6244379288160852	0.1657090777167245	0.6597895208011448	31.783369602897324	445.16670245754904
375	-3.5068567001078463	878.8895063987068	377.59541317310845	1.3633140773261025	0.8239313826602989	1.9661190384646794	35.416807377096745	485.2288290677112
376	508.7001467579639	29.496220563193873	1096.1780367392817	1.5745714310235703	0.3636258594123643	3.0505750985083004	42.19247961221478	330.878230341908
377	799.4067657406661	772.6273742062895	-32.1857733872267	0.8005968979592453	0.3669883916654081	-0.2827273835921196	40.840212072757105	450.07049063049635
378	862.3124721914648	688.7419273571275	956.5124750064258	-2.252352411632493	0.3731527561453721	2.2488490604640123	39.10348363710099	305.4150928118874
379	322.9294123065165	-53.036825210387434	1191.9864331706779	1.3381993188726764	0.36228023149208427	3.107765672659284	44.424970949519604	461.6205737571961
380	-245.5556597021878	-134.32913553891572	722.6060922387329	-2.299390259729733	0.35398653629925775	2.3673427498605175	45.00085800039812	377.3875357259165
381	78.3121075914627	167.57042528244236	-94.26426909517767	2.98991956335818	0.11447126120679536	-0.09114724723394498	33.40902925131292	313.4012265085638
382	-254.56672720826526	-42.60438879704108	488.9581845805469	2.8191255760073197	0.5301380213346438	2.591308711857226	42.352542421329424	497.7048695719694
383	130.48272383791962	210.5772357498013	564.1695206387872	2.757897222283535	0.06537445047359798	0.24423782181553202	44.857976155156194	356.1017609828281
384	696.9112145928318	-220.7956862987417	-82.68306058394765	2.0346001491686434	0.26984961852221256	2.644084900247298	35.207543126462554	383.78515543619244
385	550.0355848607874	677.0964444258963	1220.5011522771522	1.0667946368003873	0.1839825091025111	0.08885853186962543	49.83987120416253	323.54560168701005
386	1095.1793278815164	741.1283571379522	618.9439941331309	-1.035110580499093	0.5091789283105101	-2.3591006045465526	47.79215795161846	342.51710013350475
387	489.4573252433469	307.9056279093028	1265.533141451544	0.9091670251519053	0.17631718330375354	-0.9071917922964119	45.303390488033926	349.7677940483275
388	1010.8736637704126	10.942525748856468	186.11944810747408	-0.9860982817219655	0.2800530969357554	2.034939660662238	40.69742332294008	333.403638165815
389	765.1211605235974	785.1505604308704	842.3787730632737	-1.1273951263265014	0.28614954771245577	-0.36543735487151474	45.25384995903005	403.29659239156365
390	498.93039130855436	766.7727075329742	1039.361553165075	0.831503563922828	0.44689716214604736	1.9265709563110254	32.52842154183632	389.35648229857554
391	1026.55576201086	265.3391604156576	1133.365118442078	2.370048667676709	0.3748152566096333	0.7331580871412194	45.43703041851781	442.70080331972133
392	-53.80159623360865	-68.8906859604229	362.32489246067337	2.3085125614637843	0.3523941818226103	-2.443133538673786	44.73770652729674	472.83685903736153
393	-183.31695297164862	549.7203793092255	-165.21920984496404	-1.8660715578828067	0.43622548494565755	-2.512333248828213	33.97467977260866	491.28980993647826
394	600.0637768586379	1008.418692276812	1017.6028653324665	1.357546427129691	0.3417928627988516	-3.031969605964551	40.09048858594671	423.7164925740097
395	250.80714067045446	-200.3207503961013	1185.9652970119887	0.3711409552128253	0.2531413532618725	-2.632561442117812	43.613121894530735	327.89047515267714
396	45.52567837287356	204.6312776342708	1203.78414040423	-2.4579656602735436	0.3925618634729981	-1.7511970855006314	39.7852893350354	304.23209212019
397	514.2137198415783	1076.0382564486338	847.4645928359037	-1.7834467334290438	0.134207098013185	-1.7310829125856773	46.22260033136543	340.9300385426459
398	452.5687749572511	136.08903459778693	-56.744710546684814	2.747160832726971	0.6361903724004451	2.36357002850294	42.567203416550626	469.9896663540578
399	104.21414595676382	-177.77299233798124	1172.1718156121663	-1.1072433174300351	0.1743555440221818	1.7642935303442613	42.21077031283387	497.3882138499091
400	536.3206796212041	113.66228645388131	642.3805775292836	-2.957098462053869	0.1966509848630547	-0.24690145191259671	33.112458075161996	437.98157377706787
401	-77.03113519800536	-118.49151272967512	-89.61061228373941	-2.6107685702754306	0.2594078687689744	-2.0664976407328033	45.838464798236444	402.5604009738447
402	270.70817229980423	372.5910158495192	803.365363444108	0.19594592436721944	0.40428474220026317	-0.4293381292852436	34.674136277722695	470.7199605657769
403	448.7339202257705	-215.07155926145222	641.1327232792743	1.4599550179941205	0.27649697894299025	1.2252345945228147	44.626165662703855	391.3037353505371
404	642.8895319181482	618.0911775184632	823.9655984785563	-0.4440131756437184	0.29634372511444274	0.9754265050037376	39.33279279114285	496.9609191617457
405	875.8961712621456	129.86661849581222	367.35552406556826	0.12219970209388692	0.14522135202018824	-0.5373027964593178	41.39493501366933	488.3762882484972
406	36.23187733014194	569.9942107505482	249.8444549430445	-1.6784491273664495	0.08083159014889893	-2.882918872146113	48.90855054338988	454.52142359985214
407	1043.9689224767403	346.8444512120535	693.8774771368085	-2.2450546934816438	0.28994225177399435	-1.9221702940598164	32.81539349667696	367.76984793013
408	317.23070307591854	227.7221961328331	481.771052382775	-2.2130768500438047	0.23687906086243785	2.603679137499317	34.08322291721974	453.73065818057364
409	-126.46586295988374	836.1316801984378	1148.2771770778475	-1.6613933411620834	0.13533414664730226	-0.555650669316534	32.97251688959298	300.256391057022
410	687.9856890844627	894.0037144702014	1047.6696704201756	-2.318778698944814	0.2660904466031765	-0.4659401833055743	46.108662883073606	374.0933311280609
411	1091.5880599457366	368.441134693619	1045.6538150679553	1.7519585524877486	0.18075903446308447	1.736371902065759	36.519317368712024	338.21388818102065
412	343.916757522695	342.53942120512056	648.7446146411794	1.6539978026332767	0.2396716008275636	0.5886828370433371	38.61787286279828	340.3059459930167
413	801.1145923345698	1062.4473793426112	228.58601000768604	0.0032853109022899446	0.111593987098712	-2.1686269215496035	44.45455834518373	382.396562951128
414	805.6535721764192	-168.78283780420844	457.38035797718317	1.4609600641210283	0.1714380282171392	-1.4207799638762744	30.82997291205048	415.50020106317004
415	817.3297938110147	1000.0989531946195	15.619152961046353	0.5906620346165997	0.546564780370831	-0.16219317990732152	32.066508496049586	488.7399246871074
416	453.64429012360915	175.75916470239676	1031.5655737555555	-1.12099239975663	0.07846406684476254	1.8266463801101125	41.2530429747337	419.41423309875927
417	188.45110504479814	607.9529457221672	752.7365018189711	-0.6451950479427835	0.03778259125466525	0.6778783472069644	49.94060608038839	351.4395241278234
418	230.23374543922674	342.6091350154039	1183.2426414656097	-1.2813778515825904	0.12027987956619213	-2.9877682838120783	37.78444342819654	301.8569054485168
419	1.0392589155832184	820.2108889961137	-227.89427582909602	2.499804006861609	0.372280442927784	2.816948127601333	34.24269248309139	380.20564700915475
420	258.96667225641954	382.1355849218138	374.9828017938654	0.2622521473013162	0.3333808559976278	-1.8947941493720715	34.91173682639137	486.46401130811483
421	-58.98361579187588	836.6858191278341	37.54540310833292	-2.5369158872170168	0.2621662452895367	1.8108703866067468	32.77515591612065	395.9527064650034
422	683.8980910997188	1006.356034981912	-101.08275409434845	-0.001688616161619553	0.17679102807344302	2.2841193886786235	46.51346370803263	353.9860056932522
423	334.19735390953747	339.53835357769526	-25.242581661031522	2.0890699437088944	0.08345913712074718	-2.155639290755289	45.62889080235543	305.07048197782996
424	486.22802398653823	676.6287859818239	111.60318827611732	-2.0677014715217066	0.1802680473732947	-2.389746362565937	36.91112920482165	450.88149146001706
425	591.5336996450376	428.1078830560068	806.0233941255547	0.11674427478099961	0.15658234328020162	-2.6812005528007417	34.9038490284945	316.7706281151472
426	205.31237058024968	336.76599150154175	1219.529098102037	1.5938531247214056	0.32738352581244495	-0.9037906442199425	48.215659442134566	300.216951098704
427	-182.26322344957327	660.3760653341544	682.0962244785234	0.30807440060241537	0.05983497019622507	-0.4457293221539242	35.234347823840466	331.16944405052993
428	416.06093131520424	788.0076577224411	981.7587673902487	0.9085244487538783	0.15417539834308228	-2.107314961787837	32.2350742441495	429.43105372517414
429	-238.87646638220036	308.30689423227693	165.9837559815211	1.23470938402806	0.16597883014361772	-2.632915734905851	37.46817537380758	344.01868741706176
430	888.35550851019	998.4575348588714	-212.8559761139083	-2.3159852595556183	0.5788771604523796	-0.465833268158413	47.22317694754828	438.43840291176286
431	1057.041630925525	145.7343050546772	1169.7354667208454	1.3376102485699353	0.19029174896380566	-1.1026436374532012	33.66187800766162	374.224055078278
432	634.4387469160005	297.74695978522743	595.0048944011935	0.35747068022081224	0.26422588208701153	-2.2150556052058397	44.15938069547551	434.38212965935406
433	282.3760333038683	-147.27421553551915	193.3053231402574	1.248948657602455	0.3122005110641251	-0.45834120877184625	40.06505453377315	426.0855462112316
434	29.064632403090656	266.51123681808474	214.08796498736237	1.7206263826552652	0.474884207681445	1.1379032545662906	32.62986916794121	325.94179446776985
435	530.8140605891687	634.6443418922536	74.55342044150026	2.6466377990099534	0.3070713849589872	-1.0335460479788554	41.28470450473431	355.0674589352309
436	492.2875578674475	941.3759298164298	-164.7329962544626	2.9162778637657425	0.262015670800202	1.5828554764373244	34.428302726453296	441.1820458905171
437	189.43451310041743	857.6778493190523	-84.82260652729022	0.029722124306750263	0.2258833749641204	-2.2512447233626145	34.83993177023035	343.320361726842
438	914.0217358977611	800.3113438222242	-205.59798133566264	2.8815782352876504	0.2983976144801354	-0.7344957281998915	33.78606109657762	379.99619579150357
439	-138.92274259202804	810.3843282324776	998.4699855950391	-0.11910071462203421	0.36654630720799336	-1.9115847073894552	30.54438621379384	321.1508800805212
440	1080.3217675091046	837.86028806274	947.2754088667373	-2.0483621693257996	0.36500113805198386	0.9314256010669973	42.532113040475075	303.5660178656177
441	809.1260360674469	-196.73184777092325	-192.43016435532599	-2.9023636414788254	0.454148514742289	-0.6303296150064501	46.63740643230064	417.52242395527554
442	-42.47003022683063	1059.346562030795	688.7209729502837	0.47837652736584674	0.17723974893446554	0.5457534845003724	39.335920658557654	402.7821311931262
443	866.3759895708683	617.1325611896033	250.14769306432774	2.4740506391832526	0.37816810264546996	1.2778032347487829	35.81323939558073	494.7882607078037
444	489.46514260565334	110.11409633317979	400.3544247163554	-2.6768515566497095	0.15380177272615198	-0.5339841946198718	48.411434697386724	438.7142479925324
445	203.85866227778084	861.2341734898237	163.87245416579557	0.28927531194158623	0.23249003611308552	2.733061660329419	44.57938253023603	312.3801803236437
446	584.308613029859	550.1215544177018	-141.0804594209353	-2.972740173123066	0.4917804941046645	1.1592335349385299	41.63158443895248	486.46591056812
447	136.5816939304984	1.928041438007	1171.7453693871093	2.6842217853363968	0.30967608271426783	0.7215009899910743	48.079026497699545	353.6141718328983
448	679.767423148783	549.8164607421501	663.57993583888	2.6890092961759686	0.635458926289735	-1.5730238457939882	31.272643077133292	406.3383481555627
449	353.2109816755295	830.9635072949359	1241.7579051458526	1.5938658073835736	0.207198362051977	-2.6217122614283395	34.69119380199299	443.83898611465884
450	-111.86241623980817	924.21170182026	-56.7336711564503	2.501871478460028	0.32022558711232596	2.004594879660008	40.30899231545108	306.97786346998686
451	1082.8190560671608	181.08151497537037	875.1694990554265	-1.8132427789091001	0.6219789686461102	-1.639934879026543	48.2944629189284	440.1883468424455
452	1019.3253526044625	877.2299407665641	397.6333140692693	0.5953551173911771	0.7580067392586074	0.10265801750478196	40.76484912785419	366.80099088014515
453	41.67677632906347	658.9141208120592	890.9549477122061	0.9979055000417762	0.24428587183315062	1.8848098802655993	41.600322794582354	390.17191015644903
454	370.4645623187379	743.0697277011981	1255.7780366820227	0.45208793572399436	0.09166077485354544	2.503723507608099	42.099755382807096	475.4298335276147
455	917.5909143214985	919.2768613235899	1064.0565355252218	0.6379942479931476	0.5440759832248335	2.655134992990464	33.828409793270325	405.1566465181473
456	721.4439868950828	156.71442301100782	251.2345069066195	-0.5120521183029414	0.7087811010868863	1.587098418442971	37.07010532476129	348.78943158420765
457	1075.6302580532197	442.55376823998915	1002.8556128559701	0.27501424954196746	0.21041244483134103	-2.4478370552088977	41.505167848050526	489.2244169549856
458	26.38303683966049	356.41029871101955	-117.09445259154037	-2.3538380949183155	0.4566052325354709	-1.2109009213259665	47.06697010744735	374.307898762058
459	551.1670204505007	134.3743566230966	1039.0864045984217	1.7378479745549007	0.5192301668466406	1.1987738137729063	42.51973695902864	404.32057375206057
460	411.0798455674045	992.6826898338898	-44.88934554607155	1.9360110170530516	0.21260917413430097	-1.3079514834101673	30.35755517154737	334.81457044059255
461	900.7756879862825	378.698904168808	1009.7787320351015	2.3708055590699506	0.047477787762767086	-0.2023151475290111	30.87165644191194	452.00631191254666
462	349.17581823394767	-146.55321765022387	-160.55797815059555	-0.9508151547305169	0.32904166383158356	2.867511277042149	34.81606120959153	455.1823641377089
463	-23.514204313001187	1092.1670010248038	324.6487562056227	2.200592582729252	0.19990555394073725	-1.6464589763275694	44.700800929571464	417.99115903012535
464	822.1641332213542	116.42214440818955	-148.6603637848097	0.7399603723764256	0.12929634742644125	1.7552026685241677	36.228230993272234	412.72546779407793
465	479.7297324475119	799.7284947883222	1209.565247116949	0.20091017553894616	0.23705049344920362	-3.12197826626874	36.651158921248715	323.7952608836492
466	-38.102238749495	491.5375702301908	1062.1241162588053	1.8157810497665068	0.24539171473302396	2.7780028103519574	35.09207752917432	407.51992659861793
467	886.3362211397275	1030.4688608728095	612.9303701751372	1.9665908380779464	0.3130376557350857	-1.5350542900254507	37.10693166930881	467.7183856497727
468	890.2160106519821	1045.1497841986695	530.7633063601036	-2.9020530129657827	0.16690052234988964	2.663521799342352	37.58130425115485	461.49316649727155
469	390.38010714483653	618.9884168977882	-224.33075151797414	1.77017330279028	0.4044311591920983	-0.6828607325114419	45.624269685588914	411.64434650536595
470	314.84213869167945	-6.065182145025574	873.6767121593462	-0.32917510704581165	0.3693809526834298	1.9765332847011308	40.41549606807506	461.1954386198014
471	1006.3927242991238	-95.37365345269069	905.0596163194753	0.7976286162992392	0.25430330735588963	2.4728662092014555	38.715478096387365	315.40625190004414
472	86.31505484813934	996.8678976364138	466.7488838213636	-1.6020286022824675	0.5303093236159386	-1.1000696282613112	46.79338489695331	423.3939900688194
473	-55.94572913955372	454.4400094226138	191.332671214189	1.754952904267778	0.4182755711758114	0.8943160330969319	36.95757891126737	391.7804254812618
474	270.4576764547371	-47.94981269805015	331.8010580770374	-0.0187573187763539	0.36511487671464743	0.5949854719935596	38.25686133896498	468.93401551831596
475	-116.02235458194525	891.0002042421436	-35.991183817179206	1.5192176493750014	0.1413799772673984	2.782566524064986	33.64366668980766	457.8834836615914
476	231.77173449971886	579.1655227577888	302.76777540854516	0.11528766862643092	0.43702817410935113	-1.4334968441153013	40.19394002930319	458.7692119834095
477	784.0392499608665	400.47707862525317	564.5384520570549	-0.3905368519361085	0.45748488836130846	-0.11563918343623604	40.0319663140155	392.1245021838137
478	891.633739794986	-158.88524743706716	887.4178829290622	-0.6059730365048772	0.04572052019609762	1.9025035852220042	34.65839164934018	426.1438021781001
479	-238.95081026012454	340.6043100948169	193.2096357232277	0.7904905612029106	0.5715408304694313	1.6598890067922827	39.992846871443945	394.5028922824919
480	874.6878012759016	42.10103528041074	650.8178307536708	-2.6478272932783797	0.45337482730166234	-1.0081227641506285	43.051367812028786	384.18663119226363
481	841.8848868978914	384.9154250923989	251.53088129514018	-2.774789934736861	0.2208829142877192	-1.073502448901282	42.38883634400018	309.1632207369316
482	112.97971217480105	233.66481113948666	-89.51644342216852	0.5262637081298072	0.2258615939896201	-0.819556672635992	49.20047879325598	322.18303873130844
483	948.3067404224009	1096.816758338831	-47.45005380639017	-1.2548343238130528	0.47737553205084204	-2.1867068068981164	39.68712766866162	490.9815315776734
484	203.1049879939782	303.87285666184425	1131.3384502993308	-0.82222409973162	0.12692672025042986	-0.5501280323712632	35.531267616193546	393.29137544991073
485	-117.5306233467225	359.7328314097423	303.2070883198128	-0.9680528308200852	0.17906283615941668	1.045980262583549	44.99153681128177	382.2186691991961
486	13.293341920050608	-191.1037788418499	133.85223437440223	-0.23350239400760434	0.10382450790132006	-0.46484960704919703	45.182323780822244	317.2049615236183
487	917.279395772616	116.38222630590778	1074.070492063237	1.9088817585808768	0.14951347807238435	1.5371691633321287	31.95581895024875	495.0285871108658
488	937.6407913546052	831.8915335153561	822.0517823362286	-2.73551537968269	0.22026546748924963	0.5001782115161663	32.93384974829126	301.38620363605065
489	783.5789107887126	50.84353086619919	439.3604042973403	2.833567179313017	0.327979385439795	0.8123664784082971	41.05629979191644	410.6591712314328
490	704.5582766995416	201.3254827759507	643.8874244144091	2.907004910462433	0.28238203975597637	-1.2855818263060048	31.09748581827541	471.66239078050637
491	531.2971180554052	1068.3029164964823	159.15942593105032	-2.5806071501041057	0.17672510306512315	1.3615150920213215	35.819292786218924	395.25803165882127
492	352.990271960649	215.12096257051857	1247.7349416363459	2.0252813028830436	0.20583026241308866	-2.805945032452432	46.11377434013687	376.10269081114404
493	907.6551159554551	1042.6437895928202	1184.7207834575966	0.37058270013882544	0.23992981230664084	-2.3726673041540183	34.147795739541046	309.8198905177671
494	607.6221801014206	781.356896533407	342.32796810202785	-1.3445640772541243	0.4090411377743108	-2.4311898407997483	34.406752461145715	486.66326454422756
495	724.6523572693563	697.325384190083	1083.1671701969422	-2.546894654957965	0.12310026745884116	1.137129494302506	45.75052600289542	381.98707856416735
496	-243.80901980867463	-210.67326548378122	-232.05950501968584	-0.34088882690275235	0.056348587563436976	1.6576152536379396	43.03703140950627	478.7922365675048
497	665.0016462360045	973.6612880576879	347.03721091394993	-2.6978821382725813	0.24414729184453113	0.7204028432630094	34.56561555649341	451.7160358192016
498	470.9309178539743	964.0515891474961	922.6194588146639	-2.884871926685794	0.1657867167576683	-0.0004579235877895206	34.66725749140374	329.69465433181153
499	677.7722641427948	-118.89465946614655	1199.057258591481	1.4777611572489977	0.23238012869296668	3.035725631370951	45.158170107697096	359.325155818425
500	1052.3530353592541	-196.3315628553027	1024.1407047712344	0.8696350549836008	0.19395701595711115	2.6242700661113947	31.566475305294624	464.06579383595886
501	1095.9929896399299	660.0941123770426	464.23591763812215	0.9254588162863832	0.371479120859446	-1.139500729122344	36.65933774357006	499.9915213589385
502	929.9792544444649	291.2631089118354	1246.32541959863	2.8510414748324124	0.4212296112726014	-2.4532192529726973	47.12468409840709	352.2065755207917
503	-89.9330331608702	512.1662542991489	-103.94700085760527	-2.0047667147259842	0.44000511676203075	-0.5009886183949633	39.37775825529063	473.44513151281865
504	115.12015836695966	304.5327683457068	994.4502233747353	-1.903354618051899	0.4251674673717455	2.9124188700785028	31.603108790885283	458.04574301174955
505	176.5607255368906	781.0397166305231	-182.82165729417613	-2.2175842724607078	0.41020062296862003	0.12106758081822284	42.12811326866774	310.6905838431958
506	575.2685163305974	217.5570146772139	419.398728596704	-1.9045244022076098	0.05447649277791249	2.392621441051771	46.555806265194086	428.4214509527657
507	712.5267891626307	666.33611883085	885.330003839495	0.052534268200996055	0.2340328222292172	2.24623682109943	43.40404507683377	411.12797405514584
508	743.5468006132032	39.838051258289255	283.28995461969464	0.8468875204110305	0.48458355502147726	-3.1206614371312624	30.83601336078908	399.82959847458574
509	369.41766631977896	159.5529258682869	12.623896009508513	2.099886951083931	0.3780855558607413	-1.4630362705957325	40.55512625730235	495.4132119008086
510	481.93415254342904	609.5461629552474	668.8737435380384	0.3990750927286276	0.26488294538198215	-2.2942825446671082	40.86284030553813	496.4863237476793
511	530.7885735965317	92.90746855721702	1029.018298247828	-3.027732924154991	0.4924676113285649	-0.7354117951478607	47.51937960589616	459.52854455880987
512	4.088678564404034	349.8294942173409	-67.34657574754334	-1.6270181955856586	0.1442894978638128	-1.9344560526775931	40.75406097354888	386.0865032769521
513	533.9482570754192	634.8731191085275	432.14121893264576	2.9656957462431057	0.3106708203619567	-0.9127201786773613	40.88663950887874	498.85600801870385
514	887.4667072433858	160.19150926709264	538.3704249351748	-0.8857376668625881	0.10629152676399084	2.2601255333632833	41.673405878166676	355.57317438862333
515	186.51270058844725	114.38548960457294	847.6060403304446	0.3152599783736173	0.3168099455272719	0.3332891053025613	37.07732134846286	384.09619526955214
516	-215.86459282025046	295.1919043152601	-157.31580751953732	0.4089600815182704	0.19218858975647266	-0.4572122391793789	45.966501855620805	414.8610674351228
517	372.2136021258083	12.520790620080817	183.48330543802135	-0.8870599062228702	0.14293349214033288	0.8426145514451202	47.75735510382378	401.42986542245313
518	765.0226679343947	725.0998251202055	157.63409989779305	-2.1649506613122376	0.3947535618401447	-0.22087502064240305	31.037161010141013	423.6161397673037
519	606.3960928558436	67.24536332061277	364.75604470340625	-2.4428223717331896	0.2677103005759995	-2.8637026816777618	39.5483121002206	321.8208434455588
520	778.5750469219647	651.2018405155471	111.26643525217528	-0.23117963632272628	0.36685267234335894	-2.6124976311029866	34.08227903309083	391.85141564949436
521	678.2830780785409	-157.31932927271566	785.8051959885654	-2.6002750373046237	0.26530061015161527	-1.3664544664008338	35.73915848611455	382.4839190014003
522	607.3353014479919	-131.3064345903449	-175.73609735894482	2.18528365954641	0.13067244015439125	-1.0302910723825092	37.59981333269078	448.6928894439758
523	-129.05250029595206	713.6269700884499	-140.41897130875384	1.7198928384804315	0.31219291770611846	-2.9447786086167116	47.49782816709131	417.974553106066
524	779.8946448135321	1006.0084542289374	85.05240602737436	0.6024376386386195	0.42974169305505167	-1.0749928536865696	37.05310916007588	346.69210159851843
525	275.10333377442396	106.79670336315965	-142.51404673618444	-2.356807792888368	0.2618776386891012	0.2021717282658945	49.55442608411729	364.7002625898084
526	896.3377683064182	984.9449758370615	1233.4095778331898	2.918546693225778	0.11157660276485043	-1.7374630302066816	40.64457272696126	409.66692067671374
527	437.4444831104927	-250.62530833629484	142.27762861359068	2.8776427880370155	0.06321504789510235	0.877343743041381	31.93626727460923	489.12386689688475
528	42.20412068003591	328.58366137686266	1061.5485191171908	0.9359437192293852	0.1320192703472396	-2.478236942664585	49.22021866123229	439.72092413624773
529	529.6780575436431	856.236925806523	163.950540204445	2.7231597201149156	0.6291233571821947	-1.7391195880238792	33.276801385523605	426.60605178437305
530	1064.3485862911946	-10.489435712126209	-55.65337836675377	1.0728889254322234	0.1432901209277296	-0.8802407390428818	45.028149008157804	327.7231103005852
531	291.7650276898963	-223.5022910291828	356.227518375654	-0.514066753662556	0.38992857582622426	1.7119639107344469	48.14951179563717	432.03017497056476
532	373.7146605942826	969.3306703582462	987.3547864768314	1.9676301179950892	0.2274437467378565	-0.5623778729548603	48.57328461491723	381.5754842905772
533	-103.13269176145542	809.0753366185236	-48.071091488891824	0.37166335718879157	0.28615929125113926	-1.6646610972006128	39.454366758432016	352.28660212121713
534	410.41831559246543	298.5983153933786	-27.8645299173661	0.5116671735968392	0.30322135414149903	-0.23877331460247148	31.664461687268044	476.6657647773196
535	575.7661056139012	819.9832141394545	852.492906220848	-0.15525234117432984	0.15654027685262017	-0.6971766530545908	47.19050279302341	321.4524502537341
536	145.95101422720134	-247.86921890033352	1124.9822320269798	-2.3916754655402386	0.24979091806689505	-1.238961527811233	36.232099960466904	339.31316642707947
537	-141.2885110470025	-94.78251241544427	1267.4685597707166	-2.7707802265599555	0.13310134543679228	0.5494566914206165	41.76850997478612	400.0319960622126
538	-190.13025388756802	-190.9507697989068	-50.62541888648528	0.12998419579855236	0.18320625052415349	-2.31165487840351	32.574842695184266	496.90451883648177
# CUBES
# EOF