# FIBSEMSIMMODEL v02
# version 1.4
#
# Settings
# volume density = 0.3
# image size = [ 850  850 1030]
# particle shape = Cylinder
# particle parameters = [[ 30.  50.]; [300. 500.]; [  0.   0.]]
# particle distribution = Uniform
# orientation = Uniform
# orientation parameters = [0. 0. 0.]
# edge treatment = Plus Sampling
# inverted = False
#
# Number of Spheres, Cylinders, Cubes
# NUM SPHERES CYLINDERS CUBES
0
486
0
# SPHERES
# CYLINDERS
0	495.816204548193	836.673847652731	473.6822187592792	-0.8419694629606894	1.2563303133313215	2.9933453295532715	49.332450581339955	495.56566422963874
1	-29.721702856080242	141.7215893611785	986.7932776408945	-2.9831840242193315	0.6422698640619071	0.48882788150899614	43.30456401537384	432.5041840889264
2	296.36460171492354	101.31803673641778	-136.05792244106698	-2.793023311049334	2.516731369692642	0.8891748935957721	35.8391929405334	391.7635387360692
3	943.7369487921783	20.182112364428946	1171.0781980389083	-2.1776875954894286	0.7676067619044366	1.1589548258065665	41.21368185398868	411.3436906982955
4	-27.637556041287667	-110.13712167987941	262.17528083930927	-1.7840913066586248	0.5077000832268498	-1.9401416981428905	42.03577873477248	492.0333036428815
5	992.8487979894298	725.3789537002486	1154.9058864809017	-2.9880508215059898	2.4154204492649267	-3.0564630662669403	43.552634752570924	322.27782010916155
6	917.7180096638203	513.2658004572158	1229.8517727884737	0.944319796586363	2.3756851592538477	0.5412844006369469	43.382352384788256	470.5546131791044
7	-153.5127292943986	526.6374190985034	312.3400135118093	-1.4883391819830087	1.9535816407189373	-0.8385775324151186	47.39983349730181	338.82106380457196
8	427.77724556028613	956.008197414711	580.2293234749493	2.8491759506288186	2.1769834329092252	1.1515791591018225	31.435947128091332	406.8552376056154
9	316.1499474850584	728.7808997992477	205.8363555366249	2.46034925033454	1.0970614726076935	-0.47877507904999744	30.191108458834297	388.18389833104885
10	811.971519290036	1099.5583807279584	530.9326705085798	-2.7406966553973904	0.4975519667742971	-2.026689113937226	36.56424926523468	437.5519642306442
11	719.4373580027235	76.7495510008749	1190.0310594047673	1.7002096098245596	0.6000256244450637	2.096379297640266	30.501445850368274	352.584546948216
12	518.5423000296694	48.58550838671542	196.119356533177	-0.8712202088607051	1.0270874242363863	2.030014922913104	31.58396358699325	344.4487462145422
13	715.4765627591663	47.875110794493224	1220.433432805768	-1.7493369232873173	1.1845697836554472	2.299369462779728	49.08100153405171	466.46551841494903
14	862.7633193325148	500.02824234216655	612.7834140899122	0.5856228174753381	2.725282381004758	2.01798349650757	32.86933348071558	495.6104626865168
15	603.2520491236966	-98.42582451490921	229.58357475074448	-1.1968240532542875	2.1637615609495073	-2.6047990151896867	32.47103997656416	476.0801513288949
16	823.04640299691	-61.04704549432131	-70.08600553976629	1.8914682991135778	2.9008523294459825	-0.1305986887062795	49.31576984853869	346.44665698151596
17	1097.5820697590382	-232.2560622535097	413.79214821901735	-2.668430110218765	0.3494057279960391	-2.116097221850022	30.904544151387437	436.5410930118304
18	1085.5293810247392	502.71335366516234	71.96848116436578	2.290043681480245	1.6754477145176303	0.4003211052219356	34.96316809044481	452.7998550204285
19	1077.4007439894715	300.27906798310005	1173.9594567162874	1.536442713537356	0.8612950256124784	-1.288449225567399	39.78239296336049	433.48079263334
20	884.9628340892307	102.27871253135115	351.88762427748054	-2.5858013696271547	3.0220109629741843	-2.286116930778502	41.03391699187095	359.53710866269677
21	529.9691212187279	162.4727308118863	26.842684125708303	-1.6013441582108343	1.5243994467345294	1.1710417021096817	32.32458539857314	475.4238305092898
22	-83.11185309037322	895.396642717094	1056.5406774719718	1.8713976316538319	2.5987223654197584	1.1493269485851814	32.31374418707946	443.41714364580514
23	131.7025569594983	1009.4969209617625	626.0232541912925	0.179936276478182	0.7175675304923358	-0.510998567773812	39.450174590448306	473.6014364581189
24	150.42880229566904	495.0401465762685	289.7987362380579	-2.408758078095105	0.9689143420632107	-1.9975847787260441	49.01493560408263	377.12072274399213
25	-236.48202747818695	22.508546686288838	708.4990436796626	2.9026230171121394	1.5737851973510242	0.034019258159982226	33.89392936469356	371.37765555279884
26	537.4445702775932	175.9578543243306	-252.49598665271535	2.010818710982723	1.3137039479776995	-2.333474758081181	30.158986469786747	306.4695326033373
27	38.94046325391341	714.6943971452747	1093.0123346109426	1.642591329976335	0.7836622174878575	2.905054448033982	43.40557694206094	447.0916732735007
28	592.0369750653246	-178.53886833707577	166.5063925149071	0.5043873662535387	1.3201488609819398	1.8602746113393938	47.53391606651955	406.79113263218386
29	469.9691589857174	445.42434772434046	-89.80289731961884	-2.512800649646286	1.5498993122215583	0.83875628913784	45.036828916937225	350.6293638666444
30	425.8236013799194	867.3289169933632	1090.5770557885426	2.7138600131363413	2.4568291737549766	-2.14688397323699	34.9171422218854	358.3862743029219
31	725.6557038499108	413.108177107546	-181.65474466383313	-2.293808939423539	0.6569189063367539	-2.1719133590857895	30.310938764588972	494.9028199554456
32	47.11844413614463	-76.01604921484679	155.4364767918178	-0.3677972602706063	0.9630171560753904	1.8957687892601147	38.18463000381456	306.03573844631154
33	758.5026965152426	912.9542572449743	418.3100913025203	-2.9032743246313	2.8703696101848606	2.8951013008903335	48.092681793885255	394.9938378348971
34	536.8851083177373	218.98235263213942	1043.1133033708866	0.7863193793637574	2.3097955635661727	-1.6708883130356837	31.79247680135201	315.33216598257184
35	-37.69397862749619	949.672688694897	395.9115094446969	-1.5854564557626785	0.5962752747077522	0.6038064774751811	38.521290897086125	305.8372998645564
36	-130.45544137788787	179.10397314160124	1038.2684843695918	-1.7725245313866056	2.436865103093348	2.9451996161675624	48.923138224069	454.06349978458536
37	-107.76756949844088	292.75609456695213	-48.65901616731816	-1.952302608672681	1.614180913678801	-0.4505914886327711	38.27779842743945	446.7887465718569
38	80.88916546576021	496.679736357927	941.5607799722263	2.719087096169837	2.8041738012187656	2.2393537443836697	30.901214970555586	403.84665800104335
39	800.1237849477579	599.6463730008328	55.171770471006795	-1.1755556659143402	1.7822372879877664	-2.07919093264225	39.58001431224856	384.3948529226442
40	988.4311120710433	537.5565586217987	244.59368853258323	-3.1382301948337132	0.6180311575043976	-0.8404266297464164	42.000467188680524	357.93563254531944
41	1018.0597129623518	56.65382323350596	362.59043091809883	2.265248183124759	1.8105936332401453	-0.37062656236432096	48.53227767437531	409.40564491284306
42	779.7960315430159	-34.566070151088184	686.2293227912479	-0.6886250993110944	1.8026678251841473	0.897859486401909	46.28356811793183	489.36570894341935
43	272.93352186428444	1038.7203044187195	-118.28389682650734	-2.632376954171488	2.4753062683464297	-3.0630164044544914	36.662298394901384	489.4261337830334
44	358.8944178282934	846.7115442714003	457.5645083561882	0.04281636407722154	1.5507127288263431	-3.0811207236662947	31.641011251412145	304.0552663675442
45	126.11768083878192	773.2899049395996	289.16787624818176	-0.9825361881150276	1.1024937290055743	-0.6068180002228143	42.72065074151315	400.09043359466
46	-144.1340106513697	-106.10035873385758	-58.455847288226295	-0.09901593378314162	2.1366422158920404	-1.0405684321083104	38.310600108835445	344.8657080170119
47	808.6523666433491	-245.4781894036206	1167.2962686071157	3.0237968422841024	0.22437924309073687	-1.5408960389462885	40.75467643028599	344.22950685716955
48	242.41244238418878	-3.3662555755844608	236.08322760993244	2.835794013521052	1.080403101409611	2.355443323432896	47.553418409596176	330.31846863435356
49	-254.92184546077448	286.3612464788557	1140.5774696842363	-0.8101909914673341	2.463676433212286	-1.6978540247581229	39.30298950388958	493.58175179068985
50	674.7941673413143	771.7142323248058	-82.54914559053822	2.2089154834307982	0.2578357610838142	0.428867630128634	34.31860349971176	431.278779390612
51	311.77229558701697	364.6643440631484	1174.8323315698844	-2.1875791568249063	0.6067403735249732	-2.585268444700048	42.22742381790026	377.1497025103006
52	258.7051996932771	382.11474422066374	708.2908959074687	-2.9715609154337037	0.9083160168051222	-0.1054864363408221	47.59683947935132	475.7213902995536
53	65.76912431516175	183.44329692020355	694.8119611620556	-2.897050115043978	0.572816170231049	-0.21602677366094808	33.089191652989975	306.99123929148027
54	-226.71990135881927	522.0998329869107	1092.223716970192	0.7890861381317889	1.9249335192095574	-2.4356364282220913	47.795446986383325	460.35405687284276
55	912.9350054959327	-189.07561153000836	-211.84011375651514	-1.643235720580973	2.599964890328072	-0.8065396948936616	34.06782774021432	431.4650658588694
56	-72.33412581212929	419.5084043372202	117.7157221263503	-0.1821181887640764	1.159622708154123	-0.9624624582303739	33.371255371489724	407.3577203436503
57	-151.00511506702873	318.8125971536715	762.3864394819425	-2.753611435370821	0.5750938799350648	3.0009373144797555	33.74674469434101	470.48838374586455
58	693.6731349465083	134.734536014405	393.717202300272	0.7529189717912976	2.029391181237531	2.6404382082607487	42.31871827374768	481.41458229627017
59	160.4473964326754	798.2498984760584	483.416090677865	1.8431906250416918	0.2921462263901654	-2.146274167481741	49.76024495082797	418.3828440457239
60	172.56225757039235	568.9935003442661	525.1402224798052	0.6898888397080711	1.539883430345011	0.31364560868801084	31.846392913806735	330.44586337983804
61	831.1491929444524	130.17425324471978	411.99298254805353	-3.1289919595767928	1.8439767651570262	-0.1812482723117094	39.00804681998214	334.59848688693853
62	787.5594453031651	245.1800862234576	738.4393174197281	-2.82078878018026	1.605564931052284	-0.5209859957353995	39.12006734757932	306.2339143372799
63	-114.21768859160147	569.2206151420064	570.7834904827223	1.9076144643025135	2.8102218417093647	-2.2887232403789035	43.369391112151405	466.5615178461642
64	372.9654070027626	83.29714834355283	1003.5871998811087	-0.7074810053184676	1.4596133050530602	2.7413395515017625	35.23436406297891	459.6352444538112
65	302.9723318677097	673.8877352756111	23.627004135962892	0.14685822662092707	1.510095310763288	0.975177226605975	46.42652336983636	454.53416250960635
66	244.416226194821	-69.7469669203559	1118.7397705269113	-0.3134660866627311	1.0596710542479828	1.7739067105597266	37.16939554979324	417.12138828290665
67	304.2959101718387	629.9005833127796	1249.8826595637336	-0.4531758242172849	2.059515785753821	-1.832477542041938	47.46304882579203	431.28733690636955
68	1034.0943008975983	-31.429189487933797	244.80599395049424	1.4854252313068994	0.3692272568012118	0.2831304922278051	30.475054345803276	472.8981817445974
69	569.2187969347432	843.783654193556	678.3005372582454	1.4320499074198674	1.9520088442309	0.13968481484440157	46.6486332800031	492.6772272477344
70	456.75682565049533	699.4289067542005	786.9148992098703	-1.4817240179473403	0.4076682301316814	-0.19004664063177382	30.175642509932075	399.2764973577422
71	653.0160929779818	803.7251619459089	-149.81812242681474	0.7936990227892272	1.353284773994201	-1.0212762851665653	31.537002401091545	342.05580638472145
72	400.38372335363374	169.98092508651084	115.4438750831525	-3.023065485438588	2.599091317912597	2.075851558016888	44.0938824785694	445.3811499629452
73	541.2087670973837	592.8286703881546	76.81899543620395	-2.9605381256258285	1.3333767764946742	-2.857591980699472	38.78934471513436	371.3836181267567
74	990.0534497778972	982.1984278631219	1157.6934000972199	1.5574164394132355	0.8433040194436471	2.570704737062611	38.6790114465605	443.07945167727803
75	565.4992144392215	443.7090247186708	613.3341394397045	-1.3508970389081927	1.1787147775389049	2.7530982014784904	45.744061612569844	418.6848601450667
76	280.4700819194535	69.77245075920243	1141.6374578708692	1.3412012008973528	1.0301982963871381	1.0714180921059953	33.7483072560415	450.1206939922459
77	486.55805112820906	1080.378049233077	532.1001594841805	-0.4320568407641754	2.0702533418325277	2.7735845225612517	48.667773545380086	307.91940332739046
78	639.474994299215	354.46014824707174	456.55081614359335	-1.6266846006879532	1.4242203329125245	1.171494847823038	48.88682919700843	351.1659845135759
79	988.6998299564345	699.0648396665874	394.83064264613347	-2.3455056848054006	1.7430679461170928	1.757269679715828	30.544365253619368	307.98768253607494
80	689.3982126614054	838.3130163242272	1060.2171620346178	-1.2119242040375513	2.7735859504476315	0.7120202261122665	33.33344913312869	396.5738933029837
81	-13.825450283473685	1054.8722734155854	593.5569225072436	-0.26353477471729536	1.8954595292662233	2.733543998998357	37.67487912999141	351.48014852034856
82	892.0905520111332	-253.42564550491247	1122.5874327671397	-1.6388629377936752	2.955181951900901	2.3475943969731654	41.24114102500521	345.73385065083346
83	222.349221866931	-67.44790762955006	736.3783113823121	-0.1347987239096386	1.6490691204307089	3.01722311670799	44.48273920375326	438.06193289426983
84	723.6545161510908	668.795553205916	-194.20843749382948	-2.9449270961452774	2.4616373192773198	1.7353916310529924	42.21014500378961	358.81819476308794
85	272.03320619115664	-8.85394788842325	951.5282318348566	-0.39971683419598125	1.57328021604298	2.9471198388129913	43.224262640001555	427.83227391118487
86	-15.425345134058063	684.1470488072587	128.53195709965692	0.7222551081133827	1.4443066575496855	0.9583410904370807	31.167765460557234	438.28071783104576
87	445.75692561580183	718.214025241269	114.09611449625785	-1.9228521743211238	2.7472140441010504	-0.516774273846387	47.61617677657934	365.1077273478196
88	901.9651798400657	892.1941505492771	893.4514917953163	-3.0078244053192047	0.9693352044415805	2.70933064218331	41.52971378308907	442.40209673226775
89	0.9148768712692856	221.32009585581565	-234.62945782270583	1.9781159438017661	2.102955464021125	0.635032464427054	42.006701414228615	339.7027708648592
90	25.244931293565543	939.2571426295754	1012.7567957231661	-2.4675057262353577	1.3327704435060042	-2.552189316897277	38.524943728749705	421.5366491571285
91	835.2751236543475	612.2298638133142	1067.9536245327852	-0.4483376678709692	1.7817971248362845	1.1254143223906572	40.86795414981552	401.9456650319965
92	904.2844447501709	107.51944198899437	804.4461037352635	0.21297892499226267	1.4833166967473792	2.5852991497993885	40.51432475420333	312.6531518612823
93	577.6071824985431	543.2356723145903	801.9390242150996	1.6118725144789825	0.7257044384675602	0.7822156886480683	44.40023983514166	444.9018753819541
94	906.0892163170099	929.1198450644108	-57.1860068145842	-2.852249405902447	2.0909204820326632	1.6626364875751451	34.13813701941535	397.45863111896654
95	818.025915906016	485.40675622329616	989.1479238229995	-0.982018029564673	0.8817620506150312	0.5036273225882693	31.439033968248978	487.51062661824454
96	1049.3116489087688	245.13303460996516	1049.507961613312	-0.4335140685024799	1.4203359997704645	-2.2903228870701056	45.967647287084446	396.73134552271404
97	-152.8092665578634	77.41536511215529	1124.9746247822322	-2.147311337141271	2.5918919930319655	1.8848044045875898	35.342147481179104	302.33467675341797
98	407.5358157308865	1005.1415496971745	-15.487419176263273	-0.5721189315961729	1.918505090625789	-0.2756291720181802	35.81505837379229	337.64122774077845
99	983.5872621576407	875.5231765364397	379.7546916090937	-0.4161013349662904	1.2255029970241689	2.728910564044298	40.89548511477582	395.55096473432866
100	967.7081546962954	231.94261548774395	146.32144138471514	1.078781976558094	2.115742213481174	1.4168827118136313	36.862573579009094	302.0216800834656
101	623.5495706696322	190.46753068405454	766.3647601055884	-0.4499692794430584	1.2452136956071933	2.5748591976535975	38.60873886344539	341.9492583214816
102	-218.61298573651717	644.5156647399771	135.4182804350307	-0.23304246639077153	2.3460052156025313	2.044745712555963	36.14318186761075	434.8021452727921
103	6.630143969522095	-87.43091586321663	731.645089468023	0.8069542626546361	2.064025633447583	1.3775937533751683	33.57010160347396	377.1113247209326
104	1057.2721120659344	578.5986126890643	-134.52778196632318	-0.9907681738037574	0.389028643479936	0.5929926966449297	47.091431447286055	349.84836605224086
105	728.2614176732616	-192.65818621709352	1023.646277789815	-0.8836397080380043	1.552508085198608	2.224164571372031	47.3001185849493	404.39224470912154
106	254.98360485762507	949.8731613211371	1119.5584860476408	-1.8871632436288464	2.23149590287256	-3.076655763836277	38.38412229584644	392.4614276794015
107	518.6922017723745	948.0865724047469	366.44382951533237	2.1707084336455305	1.0468405235174676	-1.6649768151666338	39.11645909391608	330.2645550739671
108	801.4572887897191	1011.9118968815881	628.3922151951529	2.45754219712698	1.3785260298709758	-0.6850753036620326	45.82192824054373	350.8699414114052
109	803.8856193463271	309.8329189710756	179.07790099067674	-0.8994969155122293	2.4266544953462317	3.0195969704860564	44.18442166843539	470.8671180848342
110	889.8790226698707	-93.02548820609181	1120.6356817459666	-1.6590066133069663	0.9990838906836182	-1.0549287158012275	34.506160679991886	388.4224867202944
111	-225.8595940223738	182.50288897971703	1132.6534142526107	-0.034684417572934036	1.7797684962917055	-0.12327403969217003	43.13817158451839	303.9024525182162
112	347.82318427739665	43.83277370168801	514.8286576803011	-0.09861036636849392	2.416207441850755	1.2213440266529498	49.4635285631885	315.8854246772083
113	436.03600408724094	-157.55098316620916	756.9794280612205	2.2871560733367877	0.758398258283912	0.31732720639701073	38.98776938355054	446.61883648446246
114	178.08986286182872	880.1609508475344	794.062950215839	2.625639398387237	0.3846008356014575	2.2945917968152294	33.97312590953886	370.5284787353796
115	0.07360112981066891	1073.6587736991537	227.73683206527934	-0.8388458121241827	2.172545545097085	2.9352417663606487	40.927056028389956	420.2705223232168
116	934.1147931372291	690.2813774088274	1153.3439893355348	-1.3025921825235174	1.5359774929118386	-0.903124642776265	33.070863709161266	372.56318366202214
117	530.1447361659476	326.3912570881506	562.2288325464605	2.3274898930794103	2.3340818778847563	-1.3771290438306176	35.72405392836438	371.15884600075026
118	-58.074008539827304	167.1816936388722	-167.7389795471317	2.776412556361232	0.5188974793491217	1.6303615682044648	44.61451873564674	478.9649971025217
119	487.6838081294119	467.87890109360046	-236.71073471148145	2.914935739873553	1.1229487866216352	-2.455464323291789	32.76081785719326	388.9924791171238
120	437.4202085746351	33.32847999934583	820.3534289245365	0.45614426697963417	2.151960356327648	3.100981354549256	45.228895863140366	383.2977066445124
121	-222.74334362126507	1014.282786458652	417.57167878701193	-1.3804677987072504	1.0034010005268912	1.3492379854162744	33.11812890011055	475.00989866608944
122	-108.84771279544105	836.5153146030955	911.0878658808754	-1.436136969315899	2.3501388669278613	1.5910613293462716	39.434753830871585	351.1348746175153
123	147.65007024639831	338.0938662684256	567.2959089407307	-0.8252921383567936	2.39447278763567	-0.3084275518842713	45.87554685713966	382.7887402130576
124	14.665477146699317	362.1810726251499	987.6877646408091	1.8262750258339966	1.245430649911303	3.1220985283364016	32.93161258182272	403.6198499939459
125	180.77594243456676	787.3299274606984	-7.13687164318992	-1.8707109122207473	1.5344179949632406	3.0316282858355725	46.428071959609994	379.9658487276244
126	1060.9860205215705	845.2539974296146	-46.94886942124228	1.457048457262704	1.7898514658057814	-0.7014863882643435	33.39467648698694	354.16458156697513
127	563.5072912469	39.36366148790458	-101.91428549634284	-1.7466436889944554	1.5061630163766604	-2.7160814977270227	30.66679860256343	469.7700589349907
128	220.20162008439436	-122.3178360292336	236.299030568652	-1.436518165794588	1.1656844211799884	1.0720717493247551	41.03801912109885	441.9199710484266
129	378.05772576922834	564.0347093891324	1101.7833566504523	-0.09744712927758388	1.1677166409523498	0.46968551764548794	37.56728201061716	389.5079885412621
130	81.74239036256708	613.6977702909977	284.53529653417354	1.9932127272331668	1.2035858269852227	1.9925485959331255	30.861243356342655	423.38857634835085
131	-189.13781548211355	444.87904551497957	-33.187013707021976	-1.457778323598267	1.3184853137101005	-0.3244735146103255	31.251222884778493	426.7076702146044
132	304.43767885379737	314.31885259257797	555.1377346289439	2.137032754144175	1.5572872935981548	0.9742185226065901	34.937345660960965	439.30450512481315
133	-177.19133609170183	653.2850652271119	107.09334222054358	1.632508797554505	1.787535419767433	-2.512953224883089	41.51506439716011	395.8172650516893
134	-1.225013208109118	-179.33862810446038	-36.42539584900854	2.2798629052864654	2.1940030300396414	0.8558223621454714	33.40903175841823	431.24345036722275
135	375.62488151664195	-99.99174606908906	344.7699527639709	-1.6361781320690412	0.8658752132509417	-2.0302477425337044	34.49369543429752	379.06185309635913
136	-183.651365046032	172.10931464404788	-140.4243816586109	-1.4291385500434102	1.2924453979003059	-2.229140549091317	42.2114801272391	456.39969667159045
137	929.3613465954543	1083.0796354458755	449.8356664513668	-3.0037672391866117	0.7242739909681527	-2.31517884965002	42.086409456435206	497.3732786177254
138	312.87830288814587	976.5679566784625	85.8732165961791	-0.8351047454534788	1.2708664996418841	-0.825976993583866	34.32871719132284	488.0229195831319
139	195.3771117124568	979.066200215641	1192.7424491185106	1.3992994074280307	2.2598987226173133	1.5090406405162613	40.89656279088537	447.7725154589143
140	187.63370691230384	21.331705771119488	461.67593220854167	-0.5420236617375795	2.202480766626064	1.1590463100213138	33.53198288418655	469.3161840939138
141	416.5557371395952	906.8256461400072	52.60003766345332	-1.2921763388243264	0.41187420512950446	1.0072877062610437	45.54325796937954	383.72038724281305
142	634.9728681512878	-34.168669105879246	1016.8966027522749	-2.2956718078446032	1.5383822233333138	1.629172297955598	34.14625837033923	337.46317896220614
143	451.8992053845475	558.5175698229958	446.2598233242908	-2.6058872515811906	0.9175027975613071	-0.40697692002267916	46.60976321629212	363.2184093694982
144	149.0326228821974	-40.859661927072295	694.3075080428932	-1.6163121005278447	0.4656807023322207	0.3997893102866287	47.343866794941235	409.6371581742609
145	396.79804901359466	-248.2509119516587	788.1599694146535	2.0417114887102588	1.383034247283988	0.5901459508921351	35.88409181451853	304.8794679044048
146	532.1710084129185	48.525806678159455	921.5205403852074	-0.2107780212106039	0.7672694490527058	-2.5978486049131235	49.25188705923632	467.5476372639582
147	-51.543363790205746	855.1022929567266	1130.6232937243378	2.186518203898485	2.835017902212029	-2.626256600718491	48.55858240009754	469.3060967065514
148	983.5391689598064	630.008901880864	755.8937557211044	-2.6791946434722753	1.8080446870477704	-2.9168222868004974	40.569089559441366	363.6178145788226
149	617.0120255764203	1038.338138468118	868.6701263365371	-0.4073265538952958	2.549830975765327	1.9221994147521326	35.840505179841486	405.21900874800764
150	918.9477883851334	395.12524036063166	-34.390154900614704	-3.0508850816607374	1.3974096382642383	1.106969596383653	42.658396855712056	353.8995100511342
151	-129.5996486300227	137.69217328637765	-228.42606190587284	0.8880504107532874	1.649780972509616	-0.3301493817833462	40.471759070715336	405.61869169584133
152	616.7251711038381	981.3340111337645	1182.8094515055925	0.8399503110540133	3.0484081979594086	-0.953959150762339	49.180046356769914	464.00727544217045
153	751.9925687794281	-102.00749543451974	433.9549654117469	-1.1100225924230949	2.0290064130978527	-2.1044627896268984	32.12627020002379	469.1133256043764
154	78.51281560197859	-206.761744284564	1152.9990604806305	-2.9818275870540525	1.0401530578795808	2.3112970153250747	47.8620329284964	333.0367146176448
155	1093.3895477227484	824.8291528347158	638.0429731180759	-1.7400842725598396	2.2070556427937813	-0.6024538977667827	42.20464054064872	454.85712860181405
156	-196.37280349720896	24.019366261183535	951.2296760455165	-0.0705813806076971	0.9167914418652849	1.7997256776437232	36.2631552706994	442.66177003666223
157	916.6194502846217	64.11683203041738	312.69014670139563	-0.17637920845613136	2.560312290911887	-0.8914923437340991	49.77080072695327	347.31102018584374
158	958.5023149628805	623.1027482091763	519.8027811767088	-0.11482112331297531	0.8108072543715106	2.8203192282891627	39.920194126774646	381.13139917894193
159	315.888427147416	710.2099017175354	-183.3740326784032	-1.5267640178943025	3.047162321752627	2.7260930408184554	37.1246528380056	327.6210838029098
160	962.6690445501699	960.8271914204056	-29.451244807215403	-1.1571317038950613	2.5809315302874656	2.442307254490409	40.923098940983735	483.2899348587372
161	881.1925286462879	-198.43152586597847	157.65397062158453	2.54029858740149	2.617657438087909	1.1751823588133485	30.107546788004925	414.3879741744573
162	7.586913025350583	-163.43610668298902	936.4562129398491	0.2449771816309183	0.8352524616547018	-2.407646958991235	30.121860152536428	396.72769297424514
163	920.2684299009111	949.2263198834971	-63.70279579235111	-0.2829665066118596	1.2372096291412504	1.6678570614605266	36.62488543385604	442.87112345396196
164	499.9354715124665	231.58435462160892	-11.66944141500926	-1.3139109286889503	1.8230589217894912	1.5887085419049836	44.0026983712367	303.3374916453282
165	136.8405964582897	859.3666886668409	425.0758341876426	-1.8305504237094818	1.0299712512588375	-1.0691749225203577	35.216708166239215	480.57046166004125
166	250.85471177805877	784.4768971295512	-10.639476693900093	2.3877189526917255	1.012041976122989	-0.694023566609493	47.16673382851356	384.9865459835018
167	17.292180455835393	-16.041325423305068	1233.0186006983918	0.6100428387987689	1.5847869439559965	2.963560963081873	39.37181984119185	458.37422942181297
168	360.39761229923	272.0319319202712	1210.2125872693662	-2.895226379010481	2.7398621762796473	-1.2838406518685237	47.38097910423748	309.1018758119557
169	646.793467905291	356.0899323339854	879.1135978621617	3.022961098814244	1.310897452200091	1.693141928707962	30.575937267312632	481.4975651925085
170	669.2892601054974	317.0780727571996	496.84121907062706	-3.020242582469926	1.0733949486367766	0.16398545190926123	30.077658857170153	356.9342161894239
171	43.76808767216389	673.5683956926161	767.7728447304041	1.2785497616998656	1.764359310914743	-1.8151032327103909	37.31231103736387	391.9433221607429
172	-200.49225077063096	803.0146613080135	1120.8730959209224	-1.2820899833761723	1.844367068919299	-2.362191958003651	44.74429590124385	380.72064788447807
173	106.6981879168043	96.59944308442365	183.65006022645795	-1.2750276615526732	2.272288141389226	-2.008105061206016	40.35700305884342	471.12169376263773
174	394.58605065112795	627.7417130594283	887.4810602925431	2.5039272007274374	0.5666270991614107	1.6731796257612372	31.06992183782963	490.7392477696111
175	1003.4459715602002	760.9231202234791	227.20079188125723	1.7507563973802112	0.6032841057488689	-1.7377986937100165	46.527890125322735	466.29900346051716
176	-167.26285881285196	138.87487879244847	1105.1544978409095	-1.6030358022425697	2.183186656396129	1.4701802416940892	37.122229228131296	472.6508157022016
177	641.1284035990896	706.4051842481298	551.0658423422765	0.19923339787636066	2.5281933787092243	-2.5622569328103513	39.04364911441699	411.14169432189067
178	-218.7268227200456	441.12139395753434	1189.0617324639245	-0.565879357319118	2.42360899172884	-2.0486356609221494	35.2420429081952	403.38257306472156
179	-145.8248633890227	-121.38414754579935	855.1540592051037	2.004605812850753	1.419034594284368	-0.5552813051497439	46.991351183008845	346.1829554162716
180	181.82134001779028	322.0675274613668	304.438603495675	-0.2800621805490442	2.4650878683263415	0.3955173018779171	32.532288246619	343.0197756602976
181	-152.38202815084026	516.173571786578	1075.3256074498515	-0.8511261689929692	2.212815507905824	0.210045542855444	49.61192132850694	444.94175730321183
182	1056.1586443540725	918.2294580120993	465.01349847254164	-1.4106004887770895	1.5243460828887683	-2.6549462856996153	41.65410897552875	470.48234764693285
183	172.7283187835936	774.303548766806	1024.265891081907	2.9272126142499526	0.13495166428772934	-1.6091572437014279	37.799800292275805	337.07864930706955
184	840.6868865164317	415.88955120685534	206.48633849196736	1.6075590304366665	0.9096076968270209	1.4534405294455934	36.751084224745995	441.26313250406815
185	646.3462192471377	621.9519927533352	639.9950861625854	-1.2624520663321603	1.734083574966181	1.5590903108435994	41.25287041798899	487.7080803097532
186	93.67314663167653	41.597723092149835	728.9584411788666	2.937682654351425	1.083269829190939	0.823881681626021	41.689698143554786	493.503363854904
187	773.6456271321217	423.4989412380395	281.2423049591305	-0.3318511540290144	2.1205300632813797	1.8475382344708213	37.25097242369368	424.20792415282483
188	636.6407904983084	796.5480850393067	1000.9184989670118	-1.028685807987471	2.2859918148043024	-3.0208309503777273	34.78192757107162	406.92519934727636
189	405.3208246748243	269.5994840660452	-237.84669685263188	-1.0358639775919654	1.544059466578288	0.8552243262199233	41.27343375443598	450.7980259685243
190	106.47812617326545	1043.9999863220794	-77.26612670846717	2.47547184444921	1.1710575603491513	-3.1067043001095844	41.261782260489454	429.87169505971343
191	130.56594288018036	520.6751281278499	591.3006558089551	-2.055193542757985	2.564424548416114	2.0184319761152456	31.680746996987203	461.66484157478794
192	342.1841506070033	-107.3705757368624	98.19414247432118	0.5342282078981709	2.2524993814884477	2.6051384219933267	39.95454257160047	402.3035388950382
193	-176.37840971787404	1095.7284148869924	273.4518932683617	0.8479191041795653	2.1002765182309684	-1.838972504535495	30.351875144069197	311.0678972207999
194	831.0652429136226	978.5896524946029	-84.32403099939438	-1.283416961840568	2.679059879742161	-1.2124030671198538	40.88355671472227	423.43230599026333
195	-30.58979966557331	546.3677055646702	-190.15926675460722	-2.431776396155258	1.6233319862883675	-2.193589804798618	39.77954650863423	485.82870881890767
196	740.4275739763193	904.0178275275694	173.40510058730368	-1.3435715271472313	1.1874261956449417	-2.858037569049566	39.46058762018495	472.6577581388951
197	439.4215604048959	905.0874641460059	48.534109203639815	-2.2974576077046756	1.7413615967172207	0.9615604617494414	44.981421579255176	365.6166166951069
198	1036.4436440566665	732.4719662670142	121.32380388245261	-1.4320765824515231	0.6564302385411066	2.7811856041643765	43.726634568514164	337.5829278205342
199	1085.350698795248	585.0104862482568	902.1870414405764	0.9892848198105454	1.8793628447544852	0.14424998782276918	48.123442518808666	345.23734843000904
200	-210.85828867783485	55.17495172485323	857.1287323512333	0.8040889491404911	1.7049118889470123	1.735321458768057	31.926954471162297	345.19156051928655
201	1059.0871489047718	211.21329868655252	526.8001519646614	1.6067310271987096	2.060303048624236	-3.129242968907931	36.73137826057875	456.39996786332426
202	838.5356341869604	1096.3512705068988	656.4965695117497	2.291768411533345	1.6410813076543405	1.8435161919472722	47.739426849631386	430.368806272902
203	-53.848352994695944	562.6265452444892	-181.6528482472866	1.3529321645777832	2.636549645530245	1.980851097695213	35.62252047334044	438.2971655352934
204	1003.8305646666709	933.5141283982564	580.4052228926737	1.8047905150709505	2.568715666332794	-0.9494043972474042	39.44976493331762	494.35133290737167
205	737.9777571394834	613.4612970129023	988.7560824387499	1.4455807004946322	1.0194473053906656	-0.8665103755554393	31.691954140380428	354.6968004551022
206	506.8183438884713	39.37691357962265	1216.8105815580964	-1.4091432815918423	1.518423412044615	-1.5421694894447642	42.5266301344898	454.4228793963472
207	552.2630336509131	441.9773495120953	937.2190729964784	0.7894497156385817	1.2598839064654679	1.9243631264405419	37.40023027683071	466.7411710021048
208	791.7310900074092	155.788584506013	880.8360050693777	-0.5144307049449459	2.2062765239859505	-1.429595581548345	49.356869925856344	304.27739286601746
209	401.1834122007124	595.7464294858838	804.1269442085768	-2.9721372701248296	1.814346744225614	0.4061359508247913	46.93117497939464	343.0273961433047
210	492.7346198703376	820.9070249734123	148.19350094511694	-2.4948896928630724	2.0378267944205257	1.3414254651707012	39.126230848460914	434.56629005531124
211	34.06310080819114	110.64353069562375	42.092376944368624	2.7341380358224967	0.6137564646042137	-1.000661403147563	36.36848583800744	300.17027129780286
212	-100.2812319318696	91.47224374574128	767.2974378771468	-0.18709538325836972	1.0042392446704196	-2.6032213740052006	43.44331576987254	347.82143262220444
213	931.7519669193332	608.3658836000436	958.2309326835561	-2.093001534683875	2.6179856357304927	-1.6065659675539348	48.29147203931899	409.16778986721295
214	-8.545627837819296	26.900199679026713	504.3032446430276	-2.958015566609753	1.5087148767587786	3.006899580357293	33.69650071370594	450.7959936472311
215	795.5582993621892	728.6206047102173	232.9549473679477	-1.6003474806739024	2.114871415827671	0.8392471594453706	34.63430024678496	312.627329067701
216	320.35807725803215	913.754658775759	542.6208081742243	2.302184204752456	2.3424626325224263	-1.7907790095325502	40.21204282778763	361.61362031132853
217	982.660846574908	-217.58848547192005	689.3076983513271	-0.1826288676213606	1.0486303330649291	-1.3908982678905961	37.79379407048782	391.77376543371156
218	176.88808061027007	-124.12798919671681	-218.15176227010028	1.6775134293688725	1.814828975844477	-1.9358093693577998	46.45981111584014	330.50132391433897
219	97.98403744757192	-41.821463613751575	622.776986669296	-0.5787899979732094	1.5086333237326068	2.035411681013796	45.14805447838496	342.1451303071919
220	432.85298735025845	440.9490757147453	705.1019120433444	-0.1513294414633858	1.459534943098979	0.7700485752771175	47.15858445812951	478.7571319894505
221	655.4088379874868	-121.87526870051897	643.9547777326677	3.0538763082849094	0.7981508314672515	-0.09453037445691632	47.61811663975163	429.9397970935331
222	421.48797490272045	822.7979996349857	467.84489864252	-0.766049514358732	2.6004503163454524	-1.983593557814895	44.861682870494434	343.3260121045722
223	1094.938092068485	517.0851971185568	863.6358278556816	-0.48098074184240924	0.7828301899339047	2.490140263348597	40.6611843285383	450.3334331918537
224	-28.20156256534969	371.85943091328204	446.8561322358279	-1.6682731742022967	1.6820135785459338	-1.9007733081857612	43.275759029172356	353.1867306631123
225	-37.41882035408128	-114.9629963164376	758.3453955586363	-1.480831745016501	1.8691296847534193	-1.0570618441241995	37.67155961356637	311.9010858743634
226	35.270520902560605	682.7923263994945	-82.9309070786343	-0.0039011654604473992	1.4703101168163843	-1.744245789844959	47.51038375845433	363.8907729640868
227	-207.79796075049518	401.34898225193604	422.02815097876123	-1.5485314216598496	0.516382493741891	0.2610939600987044	39.08527162136132	482.1696418189331
228	92.57558013848424	280.81258785017894	965.7435296840811	-0.8771476346101417	1.4441114567094318	1.9096837148900536	38.682022282804034	456.50230970658583
229	436.7643938963686	298.1936748546224	1196.0230046901706	-0.9908865183369573	0.9594825637700727	-0.9951253280922121	30.820203556271274	440.01356507680015
230	818.9959030515558	250.46784928497712	504.3337966949018	-2.738004887763607	0.4714827895594037	2.42940426718706	47.266532600531285	435.7914173287196
231	532.1160028825701	39.79680932484851	1137.1251673867318	-3.0381929360520594	1.6148318881960428	1.7425690793668183	42.631364973917584	486.76090296025507
232	557.8040567867412	252.89894510231332	913.8294295565345	-1.2507955898746281	0.7910503730750827	0.04065177698537813	30.82497840081678	392.43443322650035
233	757.8918737049561	401.75911620662407	279.52206992542096	-1.092748145515879	1.184005610293998	0.7972017451666686	38.95292565388013	492.14849780238467
234	48.758631424511094	293.31416631404113	1113.700537560397	-1.515432523432522	0.6475876219226244	1.3383825673778054	45.14762250440518	356.2100051012555
235	765.5938076809406	973.2699815126471	-211.2629449124144	-0.28755905573300206	2.2022719869609175	-0.6640758100521166	38.69411188444066	397.2071312416369
236	533.3664903217933	641.2462167332592	535.0477509655465	1.6892299859024624	1.0569367286918943	1.9570553376248534	44.38608817882908	346.2885917242615
237	1006.7321493531324	-119.0412966402946	-120.53882739487656	3.0754909096648726	2.3984505797385656	-2.9495620077130322	35.13281028964169	404.1795213513765
238	22.815095196376802	-97.02575562772131	680.227529019036	-1.3920789254616974	1.2554092662616492	1.3307723967741973	35.20060514010221	449.941578224786
239	532.1463477069542	581.623943177479	269.96197534998726	0.7297533584873365	2.0989249102419043	1.5539792580474467	36.84549634573828	406.2918553480858
240	575.7250434239944	50.107847019531874	932.3382877239887	0.8451923160755722	1.8249990520067065	0.025518346639180785	37.17036512143156	417.968934596061
241	1011.5101566146179	23.88345304327467	1.5522643923636394	-0.9712001408663318	1.365594959377804	-1.6845986601343186	36.95923069330014	448.95247382063474
242	-24.463243008504634	-111.3142297986719	166.5852409936821	-0.9151806399272512	1.2623354948200478	1.8831972839427018	41.98147976655011	452.36629646178034
243	514.9866069678784	-75.82719219171409	253.07310551651872	-0.1845183360960551	0.5238878847600889	-1.7225857825260873	46.88787669521837	371.6991574077622
244	502.78689747368105	115.06097353422686	-98.58062582914806	1.9056933135537006	2.511531447907463	2.2175010010494605	41.97175178770255	324.80043928888745
245	392.50774751665756	267.33198672724404	456.59122933794833	0.07317712598119124	0.6922112606347376	0.6379747546085486	36.93904014141252	372.37566070397145
246	821.5298708466223	-109.34827598510444	1025.9690515901473	0.050506494535276045	2.161837852245945	1.5751937384581673	45.92792256169312	497.30935152844006
247	454.59085260489064	143.80041620449978	-137.64740991877204	1.6668673864444132	0.5554269523442231	2.2516615174988255	37.48059220689863	320.74579904231996
248	914.7153635897544	1068.4369185959442	859.0031400179785	1.0494944340683061	1.3079353251692036	-0.5907026995759525	42.07611376119736	496.5972499989344
249	232.69908912601798	-80.53181931076779	451.46158688415073	2.299826811683195	0.9875052684539076	-1.911704967333203	48.83418446977507	480.5867066224753
250	934.4755333559608	342.74429003025693	1079.6708903717422	2.5703980937693203	1.5170928434853805	2.1980698559853518	39.57150789437514	449.8526170276418
251	584.7502571226837	288.8420932215679	1083.3647293657523	2.924909974454527	2.0511048974157555	0.029184995053695508	35.65492380140033	346.38558591871697
252	667.0541275160623	121.05117739224332	110.33060402950778	0.7578727196447186	0.8130793330781833	2.458377985910416	34.815505671008694	439.85373486675695
253	-228.5374018174256	-60.05280876152048	375.0226881794664	-0.6546642799032522	1.970272825257351	1.30021309056599	48.919167961051706	316.727693287159
254	546.0701016746935	422.2099447022574	1233.2133286206958	-0.662941196522479	0.5859177085857183	0.07917233217068478	32.29434904965732	414.4319087202854
255	390.97588445227757	564.4707953695598	1027.1337485436018	1.9493429336719756	1.209880807451576	0.7062725278559027	37.24809828466407	466.7952660384717
256	1032.1827242452505	546.2929496556594	642.861707531534	-1.092180414535553	0.7720007733154732	-0.6617698482723577	39.22241034316747	318.8799369120461
257	410.56916985441546	104.77026882502204	-46.62468871689322	0.3765809247051481	2.982335299486975	0.5756458602521229	36.667828676463785	432.5802206778566
258	481.846584501507	159.08427354746837	716.0018748384379	2.6247738730879493	2.902410917123274	2.7526708686958394	32.164964883288604	366.55556163419243
259	968.4942359838203	469.2704467035634	140.51494487802668	2.615799019653625	0.6436457100431824	-1.7309000830972276	31.001688045545745	450.7235121259645
260	615.6667576054886	879.3229946977303	9.98008675292121	-2.8936573110257404	0.6145024437971507	-1.8861646767881102	34.60879219488935	392.32772523952355
261	-231.30119123300835	22.052179039779872	-71.88619790255731	2.355523378688498	1.5096269504898774	-2.3681811737225513	44.21761342118104	492.469730021632
262	333.19429096708075	627.34183943884	288.072634839025	-1.3402667376987167	1.7186165886306317	1.0484330028783637	45.6807949678968	301.26234797168775
263	699.0957724919296	15.350165630106488	1221.693386754496	-2.7373139188418287	2.3427576915374124	-2.611605024956889	38.579722569351965	365.0399205792063
264	718.5890913044149	362.73680902834724	1280.5623692905822	1.340139985545813	2.5316815341551995	0.47883073197730086	39.86848285737409	357.35698325317264
265	305.5343995967827	144.45698972254272	-185.98035028670915	-1.2352012827270833	2.0945473746080996	1.800231699565402	40.56108465863079	344.12546169418295
266	503.4936507630241	1028.315455515786	-218.9269458243854	0.7176872439879782	2.936767761015485	2.7965972129035586	36.91153480876314	387.0086947414875
267	6.391038021130527	-148.4945245697716	969.3705754077453	0.0920099850449634	2.5162881653389	-1.094108258363304	46.057275306903335	359.28518195317116
268	-133.5915537293793	-66.89618709827457	661.1093788653104	1.2193223716882295	0.4222974932407891	1.3335665449834955	44.47537315911488	483.5083843751513
269	1057.7707487875577	-195.17979970962904	-200.9768524387658	-1.3582994762263014	1.4378771782857847	1.3596914124363029	34.45077087464127	313.1409113671312
270	3.1399946112930763	63.23860572459685	516.3835876382785	0.7455636175532067	0.9477112322986688	-2.781132963278123	34.532728564034315	305.13436912371105
271	92.44056845090986	55.662822639362076	904.731087688097	2.572758491542449	1.1128826108090166	0.3329110755232386	48.04035391481543	484.7544432800712
272	342.13703184570716	-28.278903869885937	550.5396510318145	-2.3096722581274345	1.0780186666884328	-2.7395074826806813	49.67442890055733	398.32282365027515
273	7.922936901672443	759.9490920433955	859.2494531037964	1.1892653580239483	1.5234824481001326	2.501037290953767	39.4163402829441	415.7983110167966
274	-1.1503875209305647	-225.8107465466537	900.6255035145646	-0.7942079133422444	1.53996398415395	-0.11649169854027151	48.64663384236206	403.1405292038665
275	1020.2402046967927	-179.5080858523201	586.4543729310312	-1.384992592480447	2.738673932566715	2.89532298296431	48.273383263794386	341.7720620116535
276	64.70316884502748	596.5950640984347	-103.28342233849273	-2.6140312105611305	1.3134562631913285	2.639918506768163	34.16867298345929	357.10864033848327
277	176.6985610831795	720.5758849109504	542.3255396091453	3.1246902428314502	2.1889135314710457	-3.023753140840045	34.96597987884349	305.86907646371344
278	35.44079226750952	554.2370944204796	-231.78714037449336	-0.4638670651716675	1.299044926811011	-1.256673127893621	39.677617331765695	335.4160914294049
279	575.8981631977175	-84.17212430749524	957.5963392394635	0.004614406485422728	1.935515205649744	1.8580841761518483	38.88869450935939	304.73747030841577
280	-211.60602976860923	716.3762617182662	783.07461595072	2.0528522658226986	0.6086640660537261	2.8290000477614545	46.98259433134188	446.8373783843994
281	487.64465036283514	385.8623860188412	945.0663467212773	1.2470461347130324	0.6343341876485715	-2.735208361237204	48.97244777834412	371.78643696130337
282	-4.998086782876271	891.0501565812697	1229.169645170626	2.737967638633731	1.0488408336435682	-0.6812274242686067	38.38644298307965	338.17669443845443
283	447.1520324272907	180.24524049862984	362.5850050223511	1.920471026681145	2.9252539176363364	-2.515853563116668	48.58320211137762	448.8786721245429
284	35.882005680603726	830.6678847220219	651.4648522705775	1.2952955817872498	1.7772469669355235	0.5073363208027026	38.423435779445285	450.53711529151235
285	172.69353047215938	138.24076619018334	-149.1804324409938	-2.008313392829065	0.6595456450778402	0.31759264471895526	40.17486112533591	321.0453963411263
286	522.2468039783029	826.5922308117497	266.6673295501429	0.09609008479116876	1.4300957553737839	-0.449229167884152	40.03655274762913	373.13104755273093
287	867.7540821695472	-212.48423036973213	-71.86868179260466	3.009607168174897	1.238513667790827	-1.4000394401467913	40.04980742686137	486.67873139205085
288	435.3588238024903	-41.699622547507005	10.757250742619561	-2.4062021192621756	2.4504231227906543	0.12928147703079274	38.987030696973406	371.5822754174468
289	640.3912521309182	706.0716195570324	792.7706761044699	1.6675230920652464	1.2790076917009783	-0.48859323486764183	32.64116758055524	486.4830599090677
290	27.6614090536153	974.6458210624878	-179.1162027447161	0.00406147305412249	1.6982010918854864	1.1299535965483627	32.07590593241964	336.5672928250908
291	-67.01852759546074	356.10754432751617	598.6519779421482	-0.8243576309075362	0.9441277378255809	-0.022342013192358262	34.87596325332107	371.68257356960083
292	853.4317905609205	298.15262864842487	775.6498940296556	0.558198445652618	2.5544456179001314	-2.0536309641027626	30.441966204520888	444.2935611545689
293	336.50734311268684	-105.15385118564964	33.64186688621871	2.2206696398264927	1.4554291438671532	1.0158136796730455	49.06662644241584	483.29855824546166
294	222.11890932081636	-2.178934268187305	1244.2887579424998	-2.642671256707298	1.7537305448913627	-2.43063803043718	46.89099176525664	310.1325669671248
295	-153.1805814212642	1011.0628620750608	-91.1336395729198	2.8442275640850507	2.0841148061906805	-0.07653068503836187	31.044183754071902	319.80654934495357
296	493.0595101661461	574.5210550177995	626.4843831573603	-1.7482962489966405	2.525077338839968	2.253464684105576	42.81019798533213	385.620292880957
297	488.64264863208075	749.5692927267022	899.0338790715282	1.547724678078048	3.036757131817732	-0.7904462030883123	31.785715141423942	452.25720227369953
298	189.7702802340206	19.917154921374703	884.3947083483577	-0.13741574330384132	0.9707627600110404	-1.451300855881231	31.68834788877006	488.562614620653
299	-195.41497956463797	-100.43406667642711	-189.71253119656035	-3.062011403840516	2.140197431929499	1.331644238911394	31.737830981484194	360.1189349339964
300	651.5473420718604	457.3250830228818	-58.73093371035063	-1.1970353923397141	0.3768125032430541	0.4203462598878159	42.79999717952096	386.1036435073048
301	98.77561466962996	-192.39351622515062	781.664202976018	-1.6130520428026744	1.057815173323168	1.8317860423742194	45.70749550946525	354.74392220078823
302	108.8486953288589	235.41894105803684	340.75049724210135	-1.1247656676580442	2.4283136811933836	-1.1338323658550542	47.6000885551245	337.532842753447
303	85.40651714957406	379.1933682123474	609.6458563917506	-2.4022641257216413	1.3582080183467653	-0.720420481395282	47.71446700371407	305.57511497703246
304	809.9434985835485	-161.13818752804943	837.0036008479904	-0.33269835284723304	2.2705177444454785	-1.0020330711946783	45.06614679548086	303.3642470585491
305	250.18675775982436	347.0103306311365	774.5505087612012	-1.6567613525949239	1.7530038361124052	-3.1308065724505205	37.92280568545857	411.85387759048496
306	456.72136795070276	422.8553627587114	-141.012710307587	1.4432755083917854	0.9007399704633238	2.217299509362224	42.29241353970683	490.55664663053403
307	347.6548389204669	513.0210431050536	103.68080737752345	-0.0994760213819406	1.3955160796502084	1.9762663830743372	34.316991386541986	439.5566860262572
308	949.746162667516	1022.5571428226565	1009.1427603170926	0.6299469183725878	1.1344983379572804	-1.0001751238385865	41.15667324122074	358.78206232020716
309	664.5190033151059	197.66318832363172	-8.809024418045794	2.892183381593793	2.295603037126034	0.35922726079322587	45.4564903552192	336.7144991090667
310	652.9871039517851	601.8111839357616	214.28818864295866	2.8021488882277197	0.35681672062895425	1.4908189544019916	39.91885020110125	348.859865950109
311	567.7117153738483	670.9265535578745	-136.44804923983855	0.5054336104295075	2.4962333601912046	-1.8074144675069141	36.55866249137803	433.6266983345078
312	830.5449505385	836.9443808413919	370.8144688079975	-1.2827032303997183	2.004168207987107	2.5699944689519683	49.972048440185176	313.9056743615089
313	698.010365054423	347.5141678681797	505.35964805710137	0.6728728863596055	1.6401686183897894	3.0972045531862964	40.978215072516306	305.9262096098347
314	556.9695401061357	-58.5924998114225	1030.7713966928397	-1.5005069482620856	1.395014249479809	-2.521580760708108	49.44104082644899	389.56455964463566
315	562.7858696362397	239.8353235684821	305.2870218774773	2.0771844306955924	1.9463039833699758	-0.6225641696657638	42.95026112356073	460.63338020435725
316	254.16613530648291	740.3333343424468	878.8955497632835	-0.34307756058771616	1.9659064623103102	-1.5483340850974832	39.63671765529412	312.4034611872356
317	-110.6740373165675	462.74835116595887	90.13656785983684	-0.4118238861851383	2.488701607991422	-1.0444368407552498	30.559385174618825	449.53233741914016
318	422.79287506430626	742.0132468216661	15.445781514113975	-1.6776632123376207	1.496714666787712	-3.072806995222247	40.496021816751515	338.037051163509
319	980.5407454041742	200.70247010355385	115.09746678206707	1.2118024899303068	1.2200474150896654	0.2723408285231976	30.10299078929038	341.7797652527479
320	27.91764528496512	279.5321878055655	-221.0312584810308	0.1272132101953886	1.0572665097466931	-2.1073760362925187	42.38235451506982	424.75353061979854
321	626.4468418340751	702.1654279258491	1.5644527454620913	-2.870717895168028	2.030249549753163	0.3872506390591564	30.23088926329684	466.41594500496
322	854.8469624961053	146.9549939146697	282.6585350323667	-1.1848619974368413	0.9927373472347247	1.6655401105518775	32.96114047842951	342.895776703271
323	-154.26176805520817	1075.3118662637446	720.0828468202066	3.07615694493071	0.8589560429144742	2.7406402725276005	43.90448984056928	364.5991930691382
324	-140.02896351102	845.6366905669822	317.31904219708974	0.07378360427572558	0.5040069079958107	0.4356595501963645	45.66330891677411	403.18182235131417
325	933.9224662865463	-128.87568987022553	1150.9278546110481	2.669779603868496	0.5582838984343504	-1.6994365804371223	37.40901730578619	357.85854891826625
326	490.49190106538754	-245.82661803304399	1112.1047622022338	-3.006998956472357	1.2819370096834417	-3.0634926958336037	38.39198560332691	445.4434462319713
327	-208.9957143090095	582.0874647314206	896.0720053805749	1.9099273990525245	1.565627185288449	2.3788054320190013	36.66894409605904	462.22048343953827
328	-115.03675952600324	536.10261014625	99.86150153469404	0.25657870061301613	2.9688513736838678	1.126377111022897	44.71498969468199	351.92681269860225
329	51.97288552603263	-113.07587827221374	580.2697086762843	-1.3014501306915636	2.237281248441598	0.1528581780982186	34.944087985089624	479.59048449579444
330	326.6476873754418	382.570944953172	566.5783784849208	-2.9601781947772716	2.35429713937876	1.5337932021301663	32.248741748683415	373.25378167927335
331	85.20950468323005	123.95015356842916	203.79180910571185	-2.362791101721437	2.499714843627522	-1.8816912156486811	30.581805870772044	309.80558464296655
332	175.28325072495514	854.8590248280841	-229.58972457611466	-0.6700102980771571	0.3825120467671636	2.631360947440776	41.0055594099651	475.41558000300455
333	410.3021138540663	-124.63881971653836	897.5239617512659	0.005800741003471995	2.457401224656878	-2.350354274616321	40.321512050626914	440.83477084770334
334	829.7888449388347	102.41050066121224	549.8045098862144	0.47039861785349985	2.1348957176391994	2.3228750460675043	49.612103659991234	418.9207960351336
335	1043.669969936003	-76.9143069420252	937.0578155240446	-2.177561627487337	1.7391457015447298	-0.5695010025993976	47.66895025119365	495.27410354489734
336	-14.826035256344312	690.0262119440141	1013.4737107248061	-1.9143794505914737	1.280513604003637	-2.461029327679882	37.56561298975246	371.40624846846293
337	296.70609006123675	1052.5376992644492	76.57033555661516	-2.5910004552378942	1.112094386843168	-0.9590056487161056	45.29428570302311	466.7218856260102
338	575.549648539419	746.9028036327092	-249.12297315828107	2.336395204490385	0.3925802475739274	2.0484487456020726	35.774353609722894	344.9686304481903
339	-125.2221831445228	1023.9994507285567	210.97706942052488	1.3892457133724427	2.0433977176464917	2.2636429572190955	48.973793856251525	390.7248271515642
340	53.97478999275987	788.7452670198932	448.5508421220584	-2.7285012400459174	2.9128415219609822	1.6189787716100676	37.46532269468157	422.97174230262704
341	617.4952211025438	41.44276258862189	1256.8756789283332	-0.7265070707985624	2.0056260304845273	-2.949417193276243	36.34004258308675	346.18958450615196
342	95.01788872096071	457.0445999512691	-44.478173898487455	2.9727996381301125	0.6374372370300119	-1.9919305967317558	32.994915870076554	494.41207644322503
343	189.7073422319755	552.9362651807991	664.2453395599655	-3.1117998098404165	0.8291762939608317	-1.0245637761655417	38.56968443226823	318.5967833621028
344	-67.52721477047967	238.09966641275471	0.9684605812605582	-0.16567864959044737	1.0944715894590875	-1.6512874497433567	31.574905826656344	381.52480318876854
345	659.8944005199285	-28.67638077139074	684.8927536006627	-0.20762326073062784	1.1881548238757749	-2.901257629226949	47.40890666247612	319.1225618982258
346	454.93293942433763	491.9248067561815	763.3859860980865	-1.0014180592854802	2.529558758346074	2.8656442014652557	30.444142178030084	405.3824116129829
347	904.1047557346915	-13.865025079712666	825.2110355063285	0.1233910627771416	1.925160611217405	-0.6392101430126393	40.291917797574165	418.85666460009713
348	-100.1408293714671	1070.443465546321	731.6458432409098	2.816452170227294	1.73980410086378	2.1216808814766863	39.45470446544659	311.0230069457449
349	105.34685813825817	370.00221392440926	980.7029519689836	-0.535951853457672	1.5328277335046097	1.0383262090241705	43.757283188891265	383.36475822925354
350	427.40923267844016	52.514474410730855	787.4722232605236	3.135477757216375	0.80530977914959	1.4283419116033627	43.434601085120775	384.38855260560285
351	520.1826190189407	880.7086065274489	297.8668662472445	-1.7320425372948198	2.50220973809064	1.6298790317818888	30.774681054898128	338.9167308811069
352	17.578993029845748	992.816210789076	775.9312543276244	-0.8918214821328607	0.688901009530377	-0.08761846286136002	35.45746484025787	357.00992091569884
353	-93.76853114614599	8.232533043209145	451.78538577406357	-2.0442101362344633	2.179787446573387	-0.2713242010331814	41.99296561312836	363.1563196445802
354	597.0161422383728	151.38544531842544	248.1191720361152	1.1624082145991983	1.9533482633880426	-1.3065202785858174	38.19848389671044	326.27284043454785
355	156.87093438675626	-23.22074680812665	362.969077741345	0.9789775929969114	1.6178584263187854	2.619330725203537	43.51034591833941	360.1219988639835
356	226.0257130467676	522.8176278650039	754.2512719756525	-2.505891437048639	1.6031530828798404	-0.5592644479297687	36.711750129981944	459.3096187653458
357	536.3094347512507	628.6436383111254	511.98509194761266	3.0450085104326567	0.522899643537718	-1.8345805913843485	47.73975369510448	337.3393072322579
358	47.66569871790105	240.87589018479034	1115.7900919710678	1.5079641545906313	2.8248053256914396	-1.7585778220973267	46.26062047226639	345.42659370645185
359	-63.33054169980471	-160.99622941942022	975.2100687539807	-1.48804506107057	0.8482237657797419	1.738367123483132	34.60708336590369	427.6959829540329
360	-45.234884565477074	61.11633890698229	497.6355947098035	1.7442466511727976	1.2510331332682014	1.2453727246241972	41.33146997330936	450.2729626467525
361	-51.764466583645316	383.8006833991873	1097.4533071046737	-2.6774313874616213	0.7402646884442431	1.0649420355986023	37.57437695085787	317.88914536556143
362	306.72861113609395	-183.63286289629463	952.1090549535386	-0.5603780883203996	2.504310306023446	2.681989819700667	39.2593588202935	300.6062329363551
363	848.5973522707354	-75.61008026997285	337.23308245011117	-0.7976354362459772	1.7825998190398	2.1449680799320348	44.513468255738026	494.44522837737935
364	419.7339332451427	649.251340545666	810.3168952907704	-2.3353066612580893	0.3494870993200716	-2.423566244257229	37.879278869681144	393.65550282336085
365	640.9459875813109	147.2909126142748	1024.075257059103	1.7138797173582754	1.3026060978734346	0.43394468403200565	36.172787871222894	460.6608069110009
366	1081.6339265947158	501.1900179614663	87.168199115759	-1.8775645031150567	2.1136012298079923	-1.8389036268067893	39.945259424380204	379.0530970044074
367	875.257076218302	319.4410602050342	502.80163803080393	-0.7630942776541687	1.597274601685679	1.9017353253772475	36.48690127753057	350.4298790355632
368	448.86995136662813	756.3505595425044	1071.5661983952687	0.6472057917824381	1.6134334570570927	-0.6022939762344975	35.10848099193712	325.52628879281156
369	-29.415671809002703	552.486607781879	917.6530467030987	0.9693463979188561	2.110239872744182	1.5996286942277216	33.44071470265121	461.0337614723062
370	336.60084779720194	-112.2382148253447	900.0591416936536	-2.559673972202431	2.145829743926903	-1.462304379810948	31.465862713670397	426.74777833951066
371	990.3398172350103	629.9714459104201	27.631038022883416	-1.4108410038575416	0.869583448422736	-1.1851821053251934	49.46660385900186	430.48202260863593
372	746.3278660628114	1053.408538832923	1134.5289431286124	-0.1916132303525261	1.6229731344686888	-2.42596604676131	42.011209605252965	446.65734697986477
373	538.8328517625025	-156.10595035961103	-91.49178389544565	0.0018773142398191868	1.6133583082167648	2.676414326152003	30.057418129556197	342.988424033567
374	-164.4325530668023	-191.96683274973273	1097.3317068824092	2.902754995089115	2.2117800302788666	-2.73965649216915	32.755479723815014	433.07243807540686
375	-29.816193421546814	496.9182483616945	615.5395738990734	-2.7866009139028365	1.7554453167397617	0.26038243860448146	30.48934902029035	455.19684542881976
376	423.8589497855803	1103.3302104855513	730.7373044007402	-2.0348141978774565	2.742223426878957	1.3427938321616983	33.80632102235482	341.9031138928346
377	903.40446824893	594.0100789013045	1212.3899550984481	1.6106242630771637	2.688805509757391	-0.3058208036751802	44.23465538092093	385.86698270145894
378	1001.6343895434234	1048.2657273778682	1268.7818885844777	1.662970256503679	1.0970200816642914	-1.0988929143709933	49.790766667808285	334.2019787944099
379	46.21380345649797	729.8052976736893	461.4469703397589	-2.9876628672426557	1.413643099896078	0.06377904008691743	37.24812968410268	317.13023641266705
380	502.75479431137535	257.7587512776511	449.02854604927415	-0.7944340007273438	1.9772846491310765	-1.4349295012589673	48.4162359004804	389.1654904687035
381	177.13808179188138	843.3063564502395	1244.7996486803079	-2.376086716051693	2.6079252556257524	-2.9315019642997346	47.37282550261284	329.2579621730265
382	499.0203971979431	246.4847462293595	37.79689034454745	0.0915871340246944	1.2094019522241592	-0.36807212700898256	36.090374672992354	414.7130378111526
383	959.2226837610572	658.8284452414698	790.3781755145833	1.2139650379801472	2.2263417616209624	-0.046140159936995884	35.2685188127467	322.70178239126096
384	178.35133861544162	1093.4802959684978	700.8858969896029	-2.4413931418896637	2.269066690298778	-0.2858954609370251	36.35788648124658	339.50621349885375
385	113.01736905396953	-234.95577172396733	1008.8851793100553	-0.7250427031136311	0.573404395599766	0.6715485183377466	38.762103556942044	353.4841225042131
386	781.1361132861023	781.5445298540722	410.7628454946786	-2.016838475813657	0.6706938423322035	0.008612016750749945	30.373663705694625	420.10478787246217
387	648.4371361544444	150.4450799568319	566.3448891477283	1.0243635493460266	2.963432439498483	0.3114367110946135	33.7474409440642	361.66737862102246
388	829.3909901811467	1027.8915618738613	675.0335091424831	-2.9157457963888915	1.996979326035909	1.9794117424108744	49.96307922064801	437.718696754765
389	918.3988884519308	378.96347668822386	-108.2597023081903	2.8530493838086453	0.6883517221409752	2.2894748997953798	30.560321860757462	327.27860912921096
390	321.2039323487402	-4.769899143519638	493.0830312551017	-0.08463252932691091	1.3759973246760682	-1.9887240923211835	35.85773548070871	351.9146611705115
391	114.70937349938654	565.1344777059935	460.8778168873306	-2.227009542345258	1.4339527901334355	-1.0491140907626988	45.671458917221344	464.40311749745865
392	962.4646184101721	-6.933663653245532	658.036448176791	-0.22886737984504352	1.682031606100918	1.0961217012845408	49.232275664084405	357.89960173618647
393	950.0675843330805	843.4143921870502	1263.0185105911726	1.5730033953171327	1.805861609893283	2.0117735738564457	42.40730579254825	311.00485378003486
394	698.4358526326969	-58.08903413090647	266.4063407044998	-0.800129045819811	1.9462654774173709	1.1365888042890495	34.514751320949586	448.71156839751995
395	889.7287424019182	1054.6958899265749	357.39744976826944	0.32183797092295435	0.3571706934652525	0.33936158866325167	43.81682497486954	435.28117146966315
396	387.57440757669644	951.4809285894369	240.9641075848527	1.4471071189831026	1.9360682915141014	3.1328688229654156	46.70011815266099	334.6656051054268
397	-23.903622843113965	917.1038042214152	-216.96481679377177	-1.9430084446983782	2.6055054632598966	0.06452249332104865	48.73071516036629	471.67742249579675
398	-235.72068735271054	241.01273734359089	198.34587582891098	-3.1073776716795725	1.312173250236968	2.676616559332958	37.633777880504475	448.5422827611169
399	1097.9123197563022	921.6576394681488	1123.6052317899093	-0.3511801073537324	1.5549515501167654	2.4666331414018026	39.41049575521776	382.6179041971152
400	330.1292942369489	1067.508150396639	1008.4396075794716	-0.4658494484852406	1.0617469944388445	1.5299723184508918	47.73976990023897	369.49616164637024
401	714.2688203988819	589.4621988787751	723.2482604879469	-1.748604598361218	1.7268683394719202	-1.1054451776959637	37.18213486771683	443.1357221200906
402	-235.61879893264037	536.6445090971271	-44.341897180940464	1.1950858354001652	1.578582532855898	0.8183985422453468	33.585244885377264	354.5687364372005
403	743.8323719316129	-143.34755536466167	1071.4610329552625	0.07251966703624334	1.6702730956869671	0.543602637893424	34.66579744013729	406.6223673161143
404	703.3142206807302	778.651872083391	1116.4916963879807	2.5727126610945765	1.7867565869297364	1.4711961074340265	37.85686565826603	315.78834243344716
405	489.88876902399556	827.4508252746493	654.1852332941227	0.38503281849815957	1.131748131661645	-1.4827034228076852	39.56082733281921	419.32533907534537
406	196.1753275109999	504.48110298542963	-123.94561092923811	3.0765049211380955	1.7636760894875843	-2.4931714510506926	45.489811416360816	348.9263685887536
407	490.1034821650271	213.84326371305914	796.9471584964165	-1.887054453554988	0.731424969851681	-1.140149146271431	48.621820436939956	349.859186197132
408	487.398670813369	-148.080059504757	819.3611640797303	-2.7439623338918873	1.8447864294010292	-3.13916406458946	46.469012809794606	343.3099772764619
409	194.60341607809536	881.9532921906366	-173.09401868324386	2.5821284427422406	1.9264930014032742	-1.1331193604356544	47.174008078124665	394.645749067702
410	759.9829110395292	654.8624633919534	682.2651859816742	-0.6757268125063797	2.901237616997675	-0.2976532418621918	37.75421359943695	459.38520103982046
411	380.92929932624463	-236.33946330956937	155.14761003915848	1.9430566367750257	1.1545067784092296	-1.5963798757976417	46.468927672664805	479.8890264750104
412	424.42638501594615	1093.2569078379709	422.072069806812	0.43284926217873304	2.5878541223286327	-2.343187102619857	43.29197841182133	348.5385440635752
413	609.1972740033478	236.5356321577598	-138.14907063214827	-2.087893888533239	2.429983830785496	-1.375550073859093	47.10342927299415	341.5000632826233
414	471.80128492478514	1023.907597085876	-196.39793442649886	-1.5667060336248049	1.1679067564170054	0.8396600191963087	40.91690335388484	335.1026950981017
415	604.099844164467	-102.88756697500224	416.73334850807794	-0.827579523311428	0.9568428481232824	0.30157387191727036	33.259040461832335	389.2416691979708
416	325.26301612948976	642.912389715872	622.879769449068	1.3267373346308609	0.6512513935642416	0.15031376033221056	34.50440925843042	417.06907795739534
417	690.7812466900807	969.7559192006479	10.290413151542538	1.1712749792367314	1.5380826643997976	-1.4865345746190242	48.35418812112426	449.9508371187593
418	-180.83618736779636	693.3333360013902	325.6213146355393	-0.5023369852218861	1.4915810643237726	-2.122758533485517	49.72935722358806	306.1999886609703
419	262.2480470870214	48.757687217782376	-209.62173152155924	-2.831163301706223	2.517925294351901	2.6991579495317795	32.035939412569824	338.57958852655855
420	1041.3124980541343	867.0702943965637	977.0263759487166	-2.756526687252516	1.9831438003583088	-2.0316322169870094	49.13054106901005	494.91889678468374
421	664.5200456581864	369.5823390280581	460.6283740078751	2.9938794014279337	2.309862196791432	1.663307723252446	31.101794053251062	396.68356763154736
422	483.1195514892619	811.0454747793651	-72.63239126827145	-1.1059439803409068	1.4059788458739066	-2.2798412489308086	39.29110464321166	460.43914243423325
423	1056.9625749469099	411.23451788499756	11.048478513899255	0.4587263333987187	2.8118133053780974	-0.428139055698263	45.2121908437341	309.3229713742939
424	661.9980800179252	-90.93291666051758	340.1313858987314	-2.2818898164145587	0.4828705320828363	1.5710265394604548	45.15574405266631	309.59021082375267
425	204.71960058557752	265.10729016942696	377.3990615813549	1.4219854422783371	1.8671014261596977	-2.5117734363704476	38.11127116454283	368.20622443050263
426	107.70693919199906	29.69427502648935	1208.2347133302255	-0.5397454166502047	0.5879070297758503	0.5223373984306843	37.042906400192045	399.2825057081093
427	1008.8665538436724	292.0373653275567	355.00954984807265	-2.511916341443713	0.813335158203605	-0.4124946445350486	46.851124256022544	400.402818338814
428	206.52473479732268	-180.83986468032123	-59.01253598036655	-1.2870462986111806	2.0915589311315324	-0.4273762373472181	35.0449064256529	345.05515579400844
429	25.465160828070537	16.95629765534673	200.8887959727734	-1.491757601613924	2.841182321773268	-1.6405938011494907	47.970377873239	455.2674849149871
430	718.7991136337754	271.61439721840986	870.1349178395719	-0.419085880760669	2.4338891317914406	0.26233874449836186	43.60349523682299	336.54234721651227
431	880.0284271407697	496.84369022001897	12.111792542187544	-3.075423996435161	1.3297516936347864	0.7305236280710126	41.01517663563122	326.13968655765194
432	1103.5686168348393	418.85865263810024	234.49873841509876	2.8520012589744677	1.6298358259440269	2.3799587442044023	47.58926054130678	428.0739832099474
433	-37.18151913822075	-19.09503161625011	1155.3531154143834	1.1877234882084435	0.852276798455252	-2.3999658330704587	43.91265935916006	493.3106470995933
434	769.0015532839111	443.14785124353364	-37.82656996477121	-2.8611605879892386	1.6802830071353272	-2.0510905072188117	33.575646554822185	457.6009428920104
435	331.2997455654662	-126.49336352013447	1140.2572328507638	1.7021520997089907	2.242318801982828	-1.6541009420505988	31.501208086482823	311.0611700451673
436	-220.90777506462007	-169.26440344948804	561.1165909096237	0.7565349145883039	2.004712988902339	0.6172829709391269	47.18878006325052	495.24811392778554
437	648.1594676912976	105.39552696242785	-214.21642761109257	-0.9279983920758779	1.8375754305172012	-3.0991897766261105	44.25172738998248	488.0577085162655
438	181.45798067491862	-32.02771520709322	1037.1123145483143	1.3795464122713401	0.5506381231283771	-2.9855684165300103	35.37364120122641	367.7346202852287
439	1010.4003307078101	805.1077158796409	1133.7544378072002	-1.6695122482937332	1.9212325966350705	2.190195233099731	44.0498710845204	469.87133575308565
440	580.8541960262986	455.42362465300175	210.71694572889217	-1.3793478430937787	2.568850448230797	-2.726927680047005	36.47102006812275	451.26167865232077
441	768.4094551229341	956.6578194291737	563.7997783204506	-0.45964188386085414	2.683450628599009	-2.9036712117178705	40.782219573094494	373.0159467188814
442	714.2861640518255	332.0037272757256	786.4677566364564	0.4923014292656536	1.2659195264447956	-0.15418818031306625	34.43847303186777	350.36902975133404
443	-197.66500537204584	266.361905696112	396.6910013845471	2.127354503062816	1.0823277755367837	-2.920159966625836	41.81560784137452	404.2101219100815
444	411.59439063652894	352.15449268263023	330.05517642826635	-2.1688374939570765	1.6692960413716889	-0.6537974763212342	34.19823668086559	391.43998939167494
445	239.91517369165715	42.5138529573604	113.44857223915724	-1.4652926324980566	1.2599015321662292	0.21644762669092718	37.867372622025066	404.78842718936414
446	-94.74061332358124	69.27171830366305	518.4471443112598	-0.2936605693402765	1.1710271553376654	-0.16431982180392132	36.86456567221079	343.88031091686184
447	787.1302472751436	746.5567920867069	-225.9173006488625	2.1386939234872164	2.5014134066860434	0.8166045104760213	36.86681344404761	411.53770183870887
448	857.9894173881364	378.19478148389965	-69.75605362092051	-0.12391226949487143	0.5795541042739923	1.4842169648574846	48.91172753378107	393.23293244095345
449	-166.54508074561022	-99.52247992618848	656.4914770162129	1.966580008024146	2.381225129461314	2.240322324620868	41.575147375012534	432.1143361915683
450	-238.2735257567727	817.6279705946258	303.3906085498036	-0.49941629690203404	2.3760546594548697	2.7748120018092712	48.4177588627126	405.2856766456089
451	464.4449979988625	498.7438457859579	945.4973316829448	1.7316529248908792	1.3488349687421453	0.5758900667956539	35.6706195999697	458.7753332706024
452	1053.4903326677234	322.4573440792241	177.86788304792563	-2.2421974298191114	2.1590539536073683	-1.1419944676898786	47.5110246178464	440.9707645333897
453	1057.7049381502666	561.1622835683416	657.4673319585847	-0.055393873618764675	1.202250129914916	-2.4172136365861	32.17877991272572	313.36615288807
454	-178.2871012896852	417.83017010772653	1104.7247834919885	0.7960646344767863	1.674358709797292	-0.8548498794265641	42.282711131873896	424.34527582292617
455	106.41776702719355	-98.41352014655573	39.689081671261675	-0.3269062729436227	2.9150712422130085	2.693135271302809	40.28455204245667	408.98098418615655
456	142.27055513359429	800.945687140756	343.5244503339974	-1.881456656722375	1.5107383785990827	-2.4665651484125775	33.24241770367911	308.312552534665
457	523.6082737046113	496.24277314281255	1136.0510910522505	-0.8488976688204577	1.5002686889834775	-0.17087879486254282	48.16044082159133	496.2529845229361
458	756.4485197098886	932.8167189685305	416.8170017023938	0.16555506384873844	0.3473485150570767	1.6011141911671534	42.59966910394288	437.33120609735573
459	696.5717427658041	535.1066867828692	169.54937541334724	-0.309884032508884	0.7097980399636419	-0.9027338146663149	38.87349096459645	321.65515948306154
460	983.3893019214552	456.5329176207647	118.0720915605543	-0.0391984731778907	1.181478664608142	-0.8368376212928187	49.31131516342313	389.97227054095686
461	105.85271440110509	-71.56123320467884	1127.6726559099639	-0.649310721714038	1.9109722453944666	-1.6749578638939144	30.03507935619708	334.6011871804761
462	-138.85185593678557	868.8101954547153	135.7963883748113	0.1699556518747469	1.0117755003136393	-2.776382679572754	45.90450158623426	444.55975455505774
463	-118.37109606651913	492.7789817143047	-32.37442815609259	0.33759833638247444	2.374284011131031	-2.5772654285217556	37.31765789532357	440.6220356169754
464	842.2661575035372	940.9264691452054	277.5074504521342	2.7696416847526892	2.993570612330882	1.6494106913963926	49.036826432981805	452.72052737714193
465	1076.5045514903695	83.38970049869803	1035.8277956212721	3.0451037598345705	0.4244420410044473	-1.8073626838416281	35.39410420961299	334.05517258330457
466	432.28221204906913	679.0571376215312	1149.4492421569655	2.704256646042653	1.8669750613691956	-2.1172733186032566	30.65136442247852	375.33705405662107
467	975.3653984567079	1006.5648945374458	66.96421169411954	-2.414611419900246	0.9682620853601683	-1.627744299980831	49.256567819961376	448.11465151847165
468	525.5629902307709	967.7966969435633	-170.0835009311342	-1.503515176663086	1.311083005232372	0.7346517752425922	44.06486163376506	434.90977968672547
469	-36.80652447222846	960.4029881498684	1204.350093297377	2.4091837063091917	0.8142282524501778	-1.266882735980698	39.46380150654425	337.4689407817632
470	900.199484297525	646.8766405345806	30.121959925176753	-2.478114690937465	2.6944703044238962	0.34650659171790166	47.892595034261205	301.15467776177275
471	770.3733618160707	726.8615391276733	1134.5613669337704	0.43048140991576334	1.745203884101199	0.6854796196728391	42.378337463301264	416.94960005862447
472	579.1071024449342	1068.6736806614947	1151.3266878745742	2.50452860298766	1.0987882645274116	-1.7092852682326216	37.229155883240985	495.77563038458027
473	678.8166259693818	670.011334272465	436.2672173709634	-2.5495683581378663	1.06705677174895	1.962284303345379	44.42463818656969	425.4350820862697
474	270.07914362825375	-229.34409924707379	448.2417420080992	1.2347038902912204	0.289389224176827	-2.809879224766775	44.51493319772467	340.305942018959
475	516.5652994408304	560.1433489044201	1050.838330005065	-0.7736934143291044	1.526706040853955	-3.027580709283332	39.09269375469389	447.3088683187672
476	828.2704280412397	345.003454968553	1015.9653625226376	-2.0716008834150843	2.5531608090151616	1.4936890148730115	40.02121833773802	315.89130076509093
477	-34.071695219850625	-34.447487591358794	143.868372003494	0.2873343490197655	1.7131479393751525	0.37587008146151163	49.86588675984229	409.6907118967299
478	301.1947498004969	-95.90151464950529	241.39923129432694	2.62229694282817	1.4336142572678385	0.9768947285651519	33.42802000564535	453.36779449178175
479	-1.2192086215748077	1026.7198069347855	214.85467794258707	0.21241179966186302	1.5059261130498927	-1.9711869990906383	45.483517107438786	479.1615472452039
480	482.74774664719746	-16.136820008958324	131.10716189591588	-1.5273569441586656	2.532089837150921	-1.5896812104104237	37.75163395944699	393.4252325340783
481	267.9729113205648	582.7525665541343	-245.1706416472309	-1.6763719710339333	1.8716005095385728	-2.0688130692342543	38.494375843373135	371.5044921004246
482	-39.540448609807356	975.4824010472505	512.2539526410161	-2.7315386441242433	0.7439134655959726	3.0709306112441546	44.79283242044861	399.52289368411857
483	783.0055712614305	222.73424478881415	72.361589187676	-1.8317059606217394	0.5979274332022303	-0.6689829249156288	37.00104759566403	460.7785397655674
484	-154.18892776724113	803.8610541711039	90.09940207028868	0.9748974212959576	0.2766494758892384	0.31497626477819896	46.51707880486839	330.3059765428527
485	1096.1408777748802	-245.4940809205191	1151.273150043663	-2.6694629826188647	0.440160917080518	1.841949588974136	42.969655061625815	493.9011268819311
# CUBES
# EOF