# version 1.2
#
# Settings
# volume density = 0.3
# image size = [ 850  850 1030]
# particle shape = Sphere
# particle parameters = [[30. 50.]; [ 0.  0.]; [ 0.  0.]]
# particle distribution = Uniform
# orientation = Fixed
# orientation parameters = [0. 0. 0.]
# edge treatment = Plus Sampling
# inverted = False
#
# Number of Spheres, Cylinders, Cubes
1269
0
0
# Sphere
0	529.5164647745563	637.0005074872845	705.5831708326313	30.31706534353222
1	30.0214626403139	51.16729659631363	913.2870354308204	42.09705710298902
2	689.9621121757244	-3.673503610280221	978.8294918950048	44.36777297138457
3	251.86324338466687	360.88448314873045	773.8209017205744	42.70489872855768
4	-20.641245253580838	602.2047848549154	517.0818850700335	45.026650921653996
5	170.415450783161	103.97642229335108	58.820341143719986	41.88352747485952
6	422.32777170364835	605.1803052219996	-25.717545907059222	47.62613378979171
7	199.27852291642142	777.1788915444641	260.8449216007436	30.575194256570008
8	327.6649570910072	38.267032230549134	694.4304019760873	43.01084663804943
9	419.8840965014874	547.653812726046	364.50036542107495	41.048276824405356
10	83.4875958333628	449.03816874231285	662.3244710703614	43.036554825845585
11	73.76623230538414	416.3942647917037	846.2394925167657	47.889865515633225
12	714.9897801952114	846.4148589599575	300.71062131889784	41.74422311146121
13	45.76170087071755	552.2389695620781	468.5791538751969	36.44550353163081
14	139.8943344260889	87.97435685730224	403.01256133381594	41.109969299247076
15	778.113606183135	542.5215123341632	424.45894632702215	44.415380984876876
16	656.2978880174703	318.4362604416526	626.3613366569934	39.45562138498527
17	272.5911982639157	289.74293347450225	311.6660724319157	45.53801292026705
18	20.952212508915835	560.5491306147339	896.2973123078892	34.724035353074214
19	-9.724824225050668	38.94765376991505	71.96672788808876	48.74304862558656
20	426.95940889461366	91.85644235365251	966.6338636011508	41.84539017342672
21	50.760060181469996	248.05294424446487	1000.6518541359876	48.84298915378258
22	-9.61975729040116	382.6153088313441	79.23229753655693	48.41257355568976
23	752.938300151788	558.4435658105707	478.39702405809635	33.338871564812365
24	756.5922133776108	270.88451244370106	373.8462704957514	48.00148430370667
25	72.51678452190622	858.2788858698013	193.5813650668946	41.207596883112956
26	228.11138976551996	889.2498299908877	1058.9259195375002	41.580846920821514
27	481.58171883753585	478.29248672122844	552.8024961429378	36.848054543974534
28	-36.245714169585355	242.0456453961807	173.84132824555647	48.99158184382743
29	634.6229723268276	261.88192073997845	635.5461261053996	36.55201455790761
30	756.1659004252106	444.62296102153437	584.9566507884718	30.405582526193346
31	317.63036444242806	589.7672896697414	1041.1704686133762	42.28277304277647
32	521.311384202208	852.4509434071678	994.4702882314557	47.5713355175634
33	54.963083628876504	370.1275989661426	132.887777638691	32.74287802725874
34	547.1558792594402	619.9185891803078	408.5171194219032	35.51756639047569
35	894.7352979998498	334.96871668425024	5.763621220885028	34.82313299121057
36	9.203193585540149	683.8029223869246	411.1547090233321	46.61740960288651
37	-34.75816276694062	47.566496464648324	819.3336944675652	41.872568859653015
38	171.5438252495744	489.99244963121464	-36.59789838035501	36.78786703421148
39	816.6969026523719	114.13549426001049	13.759589424380557	48.327249107943445
40	29.49876310056031	159.94481097272688	282.41654372207444	45.93185758755382
41	511.4691672665135	672.0889195742454	910.3998931665441	36.64880274634439
42	325.9815920323229	198.26326762731964	587.7437280684542	40.44997235284359
43	527.8350679261769	224.64765675892255	888.8609031692732	44.715646564030614
44	463.9069134562815	-10.838262273858604	193.00195980770246	34.201519476597454
45	-40.04936269342617	102.69526118204229	12.19772976585218	48.27331162093628
46	304.72372146887153	512.8543659101528	283.55378003166	42.837347588564
47	303.61918607292125	432.0857224973131	6.95361546743127	40.081981868859366
48	698.8583830935671	503.20116560295946	403.71813118081815	42.977719681026606
49	859.0413696868746	349.3978336918453	841.9816164372785	42.4995256137178
50	255.98620560170076	514.9007741159958	895.0883927432437	41.17233547439229
51	400.8747211456873	743.3874853605619	938.5092444304926	44.442333149764764
52	97.5133806075479	641.8569974496893	1043.0689189182192	46.14241637952537
53	459.7064229741937	395.9379591711883	261.6159586271333	37.42781614076823
54	503.85808949603177	705.0146350216964	66.10122447961749	33.45893810711741
55	561.9921559387675	504.39447106798457	1013.838618709181	39.6389060759277
56	194.74013124925892	262.56111212101837	343.8773861902265	42.951971182792676
57	-25.048538721040718	601.8775472958297	19.862613058554984	47.539772650961865
58	85.49850240583538	761.5513827950023	265.28205468963824	37.15910990620057
59	202.3799200010157	406.4375582667366	220.07860747008772	44.90800999012607
60	600.4156747059075	660.6312074783651	595.1727597645793	48.27068543920258
61	475.81259409442885	612.1839441504181	709.3588386971243	33.04839769303972
62	759.3894568243412	886.7716244920816	248.00250607959356	44.301005093276885
63	51.785449829224575	208.86259857518155	-32.66841673810504	36.28609744481002
64	101.29571718914056	270.2197592782723	295.08843834776314	47.29300249822987
65	394.6445805309131	88.2700916037993	254.1263950001868	36.714530553674756
66	-14.032539380450665	332.0383802684912	1031.6993109629154	46.728167896609406
67	38.69318500209771	17.715580707946444	567.0474088942885	38.15389400828635
68	335.90316210346975	-49.47343122365037	444.258948058078	44.480672908246895
69	-38.94818263457209	624.911551629779	620.9624185501079	32.4927385403511
70	160.50657245669535	75.85648975523868	987.4268296339189	31.653123120392713
71	492.9508252428161	293.93240271857064	982.7304507656377	41.39141632745935
72	651.6944324133525	304.848081027022	16.351458623387387	32.96939535131628
73	325.354868404445	843.4084914451757	3.522538981745356	41.43704898901767
74	682.6784348142053	471.53521909686833	546.8540922110805	48.19265304775139
75	445.5237218908764	116.27068241062318	696.7555400841737	40.114296493709816
76	189.78782469713437	557.6218821811657	676.6156607510225	45.63341173152311
77	126.05972706104745	363.06537807806137	505.5687273149606	38.384951844740016
78	297.3210324023726	-41.118418022234245	879.8651296413728	31.631388371214406
79	382.514812875336	259.274893336686	857.4157378612722	45.46465144789606
80	-16.356842031195498	211.8463572369023	178.59497037494003	44.28416903422128
81	22.30894658015798	581.239012982202	340.4630792484082	39.10030897766303
82	325.0731537133473	473.0337315926646	842.135559012308	33.89226538826062
83	127.89658226737842	799.3707010113244	932.1677501265883	32.406434281539035
84	536.5824014115719	802.789497768444	1065.3465048589467	41.51274853925967
85	366.14877808281614	756.368316903286	32.420425392137446	37.4972927464279
86	473.1012759752085	474.3471998994313	816.5749818082024	49.24872193219684
87	732.7492853375168	725.1187253107524	248.9452386654449	31.635862063651366
88	712.1520502107454	335.15599933147377	288.7353477001364	40.612931191263556
89	250.68191418011548	637.2131930030686	241.04971157430703	49.30278972776539
90	-20.7632863206378	92.95750744891643	0.6645209233409162	30.64072481743087
91	871.9284732565218	867.4734483833262	-40.76271869679208	33.041107339534506
92	207.08174324387062	-6.24661300651416	675.3071351558018	37.32572577026926
93	879.7271068280877	109.00265322695776	49.0361587018256	32.98728772102391
94	539.4524047182147	475.0166596914029	796.0702667105686	48.27203814270452
95	634.7108040986229	730.4420803715866	385.50938828491593	36.83580275561859
96	880.275511427523	664.033952265421	173.21004170954185	49.76176063702445
97	233.64050161985938	124.96225199116282	76.80719626703345	35.22504599903527
98	56.21792623040092	244.77390367525447	600.3185127544425	36.60239024754098
99	788.5824856193334	4.867302598509845	585.1659015527725	37.99217656358302
100	120.82948045394454	-48.30078142612244	912.5444207672629	32.29932611683683
101	-12.230903346915213	654.1607146385313	1025.249329626114	31.659419565006658
102	619.007520970634	885.2122336358991	661.4570486537862	45.14704955993112
103	605.4354549501536	596.1962967100417	87.06129823143073	46.480396516448586
104	379.7869562649197	514.0482710640742	222.14019409338198	47.497545841002186
105	724.7639434263795	53.621584202213924	337.82205416944294	39.280978033769244
106	734.253352648403	54.73091034623357	236.71231786543456	43.683675758510006
107	881.6477183332463	297.44332276313395	481.0994336914358	42.43798728042922
108	273.6241685905819	575.0800569488896	1029.2818807855556	39.511658051653484
109	605.91083489414	416.48398414132487	564.4215565332406	31.566714776437777
110	223.8525258492411	366.4922697404473	129.80238645751658	46.72585700266718
111	696.9070780083608	878.653639730704	1063.1442506374317	44.19692202328771
112	490.6998055322208	138.8303136923402	1055.7718399711378	39.87091959595504
113	734.6207232547408	402.46355321966524	314.53338108609057	45.13917928443553
114	711.3583913373944	491.4835942443616	36.58605684234038	48.18409311114313
115	645.5620348698706	380.67205680250174	113.86936461571116	44.767809964991976
116	566.5143135120884	487.265238036813	883.7233740077719	44.92152256149841
117	374.38171260641525	-31.534564280539982	207.4206083549459	41.53667962472488
118	243.03254992036358	788.2704341015423	961.1338885960135	32.46290186779361
119	63.91068171696436	766.6638631297307	341.401442895997	46.74121039038499
120	568.7065994949425	883.9710158209018	884.5006300223637	47.45998308909598
121	537.0977548257293	43.147924585816696	627.5692764720263	43.87316515926766
122	386.0953323362312	798.4793232559824	934.0295347989005	45.523825321501974
123	232.43601287269666	392.49428800428944	290.8607115557173	46.10751213194861
124	753.3393502525644	297.0339779186609	859.6460905290027	39.69524921643089
125	399.04778724608184	221.22402319042794	-14.9583174726381	48.383012878142054
126	27.26735732127912	781.6162103335432	844.9508664818339	44.03912478665943
127	662.3375570611029	673.143217182613	388.0120210337177	41.920362320360994
128	-34.915080212445496	390.7204073065058	221.2259471834842	43.50863999178445
129	357.23723630102523	723.3467449699092	904.6735238020577	41.248288249610106
130	26.58996610139411	712.8280824092791	396.6358286922056	42.041282745574414
131	207.83805446221834	809.5022361531583	364.0813390445412	32.33580989373739
132	113.65342306121957	-28.776337761812602	100.79690655313601	42.72979427506581
133	27.304267855356528	582.7182154292374	771.8999264145806	35.805290959522296
134	865.8962686899578	-18.127333190272836	311.43904326304187	46.46969287315189
135	721.8451184920402	-23.62787636287292	278.872793453541	49.38503056691037
136	749.8990496274454	552.4214637569532	822.2234599700301	36.20970772812636
137	735.5419594596417	46.679065714205365	223.11663346829403	31.772892252776966
138	842.0490053555542	598.8239443997777	366.8472209423316	48.57552654681202
139	150.88262221211804	808.3084533722301	94.20750071118692	38.15327734044961
140	123.64359858739854	756.9180471838836	271.93921850182556	44.47959083850945
141	137.22768330469287	735.5466303386781	596.22312850497	45.513066778487996
142	718.2184323767352	766.6958718349349	248.13488524618822	30.12465093576731
143	858.2993247610073	-24.97714604638625	412.3624671072943	37.56357843818252
144	227.341206099617	23.19550813334999	-49.918669459938094	30.444530937829064
145	862.1848790450214	60.996059722994545	-27.321972448117435	40.16747217556291
146	55.70774232068855	287.1345420970869	136.63636451696533	31.99160994462335
147	607.2867350327241	341.5188884046257	324.226777629449	34.00153781867067
148	842.0594922189314	205.96722369107508	808.0670972018187	35.2271967249891
149	474.67739053277194	797.5632562926901	366.49017083383	45.81996594920588
150	143.71968834237643	349.85304624966534	1066.9732054719116	49.201498642371575
151	60.290811210892926	287.3738979381941	1014.6126729922512	35.4395596148164
152	126.8645664942317	87.05257078549258	216.1921140287468	38.14765052204885
153	720.4936399624836	347.0327238508812	511.48331044483837	34.094869148499974
154	857.9748365702818	767.9971435291708	381.92595677939454	37.153900085755566
155	697.0063718044477	328.48369234125363	394.85481396164175	37.004011596713696
156	587.8564008968343	239.0401246365007	825.616288236079	46.28741134505776
157	742.1054765914329	96.16717517733872	537.0817100093632	49.96781191839321
158	791.2082613631674	67.50198581170413	10.602427663595392	37.72563903302776
159	36.28607601493965	229.5325343282675	66.00285722423914	37.52752778756372
160	313.15460304247944	699.8415803541926	106.65326365654059	46.729929446042895
161	646.6627552783118	656.4498547268979	20.509902414458892	31.21058926722399
162	667.3337793807118	-29.18606268949194	328.1968738853608	42.60186005275065
163	387.14894744237085	666.5727354330553	1050.0680066365046	30.05062467278677
164	669.2356655933233	285.62262784164074	141.81524396348283	39.74203439198166
165	536.2565668669661	872.2444080004195	936.9606704709557	37.30266748113819
166	191.08033053657707	573.4643468295158	1005.8131896216028	30.916961331117104
167	644.5432770575688	252.47929477653554	55.94315882442325	44.548494677274846
168	313.4663849311001	683.6385960385707	726.8717772722332	40.51756335410112
169	444.63577031084657	842.7598069782398	-32.94476393051261	43.827533608360554
170	96.69589855702404	437.3411480617218	672.286560523978	48.954299653240966
171	439.99720438029993	-29.294998480732982	415.9786075171331	38.389350074452324
172	99.71761427363543	52.58177446731793	260.27044199508634	31.200483014380293
173	316.284476653131	-22.078008420626954	104.02575516856936	45.74261837882497
174	887.0385353875677	433.53833837170976	1059.2323087329983	34.83093740430518
175	685.9307408936576	623.6849221508555	363.6417759349293	37.12713544670656
176	282.51230303291476	860.284846493277	893.4239615146853	32.75856202534599
177	-22.094818589375574	485.45389711359053	174.5557307879298	37.00979118627039
178	392.03886735919065	530.7530771234392	489.64182777460996	48.223015577492646
179	482.04912828494264	844.4941800176114	961.0549771335569	32.353750851690265
180	789.0302463300394	439.9860091705828	955.0735943294297	44.46084723490375
181	630.5078978525264	202.58379631432229	254.72164741120304	37.8740558691768
182	297.1325199313386	54.56636525280412	1067.7310633224831	45.633176710253075
183	426.3323857283264	166.82092572003424	838.2590349514668	41.20509643717025
184	33.08045189468196	574.4066661662681	68.21197590982106	41.762698227671194
185	217.85276398621522	485.22527429149875	782.1908759504054	36.89729060817404
186	359.1014213093039	871.0170396409875	713.8046332029975	39.69310114278545
187	877.4140745551698	477.25912303929533	163.89647288950107	39.149082543221645
188	431.4704564771414	623.0752349840869	122.46607975435865	37.7559590514221
189	192.50422018936882	879.4230186426914	153.22010160523334	31.98466991322659
190	816.3639271402584	439.46209378461054	961.1530411963472	47.17667528489784
191	700.1803721116685	364.9181491100352	1067.048325416954	46.27594141029731
192	826.7346239324069	821.4936974555374	728.6569810386366	46.43433396024007
193	279.73763136297055	743.1426809313058	756.1427849178162	31.974019928360903
194	495.45121502743996	130.69617772966402	464.2386199845055	39.999196547731174
195	629.5271645153197	591.4560764981379	879.4426755926581	34.063243263416695
196	778.583990626133	254.76878116912894	1046.2662364119499	46.31128281715857
197	708.7548109435822	384.62795535071126	50.5179850092199	44.96368804369457
198	195.6487855930735	112.72173816994902	1021.467005420342	36.89548416167418
199	668.7859444426606	124.17159601551117	218.41887400318382	41.85783875868786
200	311.8267762028059	409.8464336310442	112.50806414231744	33.77800231780951
201	11.216100643571515	614.0400284044792	953.8942409379042	34.51962005712082
202	307.7827642863387	571.5734350409814	660.1133811116583	48.408356790640255
203	26.172120711846745	72.6551298026084	457.93966598769345	36.99242649071182
204	260.6073337348385	888.7971659881256	493.086104996329	37.68323278673275
205	574.7540938333894	1.276993681773284	688.7279229667056	46.05919653336436
206	410.012295323371	365.7193416528762	694.1093921825317	33.35492021101401
207	17.243351223021435	270.4605251862239	813.8218133757481	46.14460182782413
208	460.51586079798255	588.4089141305376	461.5608634405422	41.26428172202618
209	849.2225729545152	25.625848495544787	218.72259744713807	32.843254103563474
210	164.44027154643555	202.22754832430968	520.3272841053866	32.421453220678856
211	588.3438669675268	494.40390966190273	649.8782976699389	49.33685223392432
212	190.0183539331998	831.2098203762578	713.2197185350158	40.80345811728871
213	760.6682906719053	494.8150488897677	196.14378739927903	43.78155498353525
214	135.40298010569614	74.0644011941416	905.5631570740628	40.328818992427536
215	305.40620902974746	741.8922180826027	-48.4315946603462	33.79975775185798
216	626.7857686553559	588.1685663839615	1018.8766878425492	41.62383526621839
217	850.5928960834947	695.0437901043961	903.2497015049252	31.170158825455236
218	768.026492196861	271.222564138865	916.015086363271	41.177777303303955
219	24.06564896492553	159.68004779431573	452.35264026334085	40.991776719646666
220	807.8334144889564	712.1517329620987	1058.6348844319982	38.96776460260194
221	615.680946634329	131.93665833609867	107.23398957642522	30.240894901313503
222	284.7410995771373	391.4201600448208	317.8240914451315	38.21109563603116
223	281.69498586459474	232.08234822806128	76.99758225666685	34.32867181640435
224	637.7004143016815	553.1806881811443	988.2763356751518	37.37567777420765
225	637.6125425800677	853.2680193015866	1077.2672391638716	40.54356409147358
226	681.5179410930104	634.9490903129188	150.23930248649302	31.665422545163853
227	569.4077266667744	595.2601114400231	630.1749302954942	48.60772546732931
228	722.5233782771379	370.5816767169413	291.720212060427	32.209990757324384
229	339.6251821584553	834.1709699614053	186.1624963942958	41.66151789992875
230	43.96719766662373	113.58240405632122	907.5876691482199	39.05195718113218
231	488.6107329744393	113.5154736016508	348.42711400024393	32.7104428396052
232	-1.4106957281067736	631.4563089422267	708.7337742375571	34.18438561249932
233	883.8606756821607	288.13854822787187	701.659166112864	46.16602421502632
234	859.4785891300404	668.0674266713783	864.3306026796328	41.28767809997946
235	755.108995996373	613.460900890117	33.179044174557106	35.45296829674571
236	692.3599749861528	45.995499464319096	981.3816536731547	33.4049776662079
237	616.8931397986239	171.32065767220706	457.91977666439135	49.58173700101965
238	765.1816815797443	587.4291052818693	508.6338851785979	31.278983739279735
239	-21.495361388830254	828.1031105410066	291.64787768842655	34.80798465537796
240	611.2644586772246	754.5021615049528	948.6258734176298	33.64195320694274
241	800.4319444217247	622.8292350615305	-47.810492397462134	34.353725626376374
242	851.4926119119565	544.2439444305506	275.99185997788663	42.47026116070222
243	431.1388300432135	-44.458759304106486	111.76564333483049	34.42868999555903
244	700.0253738457374	538.6053081470214	-26.20317438410271	44.253766705397155
245	762.9658043528057	421.4538085990366	457.94004853872997	42.29986952988979
246	-40.358449208212804	152.5572805957843	159.61216131835724	39.90632853502625
247	128.94640995424555	222.4704769642252	326.92152761194654	39.05492754158348
248	404.35461194195574	202.38004215597644	669.5152369109352	49.61106118849287
249	612.7278296448652	174.73684963928073	948.6006054216522	40.96713650262164
250	374.76628176550145	429.1334060070862	611.6408298431281	47.161004827577585
251	734.4554130666633	164.3001903014854	823.4174736667237	31.185398888658234
252	267.9193280898593	168.7398763513166	481.17083606706126	39.12272810444853
253	446.3028865162601	310.6606613512027	357.60413161363687	33.54764729270373
254	13.374535390907091	331.46729806378414	279.88027304851107	37.62754261184913
255	71.90804209792785	804.2222635810367	265.6699470693955	33.41829669984256
256	355.7455729988287	-44.129454054477115	848.9935359474782	38.86604448351357
257	421.749757775218	742.8004163071259	211.56405881839652	47.099187841169865
258	380.18240796314603	112.91380871138708	927.6987892333751	39.735792453491456
259	892.4510913321361	359.5852269100356	242.70137608096093	42.73374544232033
260	827.2653498806077	131.80016414444682	4.848548303187897	31.477344245640108
261	868.20614687698	521.1749265735971	775.713114718531	45.312973368157486
262	209.70255748425927	65.31713281403103	227.80152654606133	32.18837495084529
263	307.46588683271966	453.02504500135626	465.11345324545607	32.279582054868115
264	448.0250452439634	141.26206168441072	528.3929547579459	30.017897583929447
265	87.43810793209144	865.7179574365338	530.8412595439828	32.99659633187632
266	96.4637064908417	329.15282108177513	29.498931492728957	31.770941905306437
267	432.4170485351542	682.6917949270899	276.89777225549074	44.7817612474439
268	371.6100272706618	375.04268371843835	573.8738732069347	36.520172665285095
269	885.5552757943763	501.6638536026195	274.054072404087	44.10717683546163
270	125.87608153585253	645.7273867925709	269.07678971169025	47.81417114898953
271	559.666704684231	421.99191063926236	450.7722966730774	39.18692436909259
272	478.7431581428002	34.852249587348794	373.4160621549242	41.342606523956164
273	858.7777091345934	499.281730724094	746.7829214305133	45.678911555462285
274	425.1466884527976	630.3719502223457	441.7303948629518	38.18842610856081
275	887.3904793420321	407.64370163090405	506.0393094195475	32.69562594529316
276	864.6799494748875	808.3751638314045	416.3213700909396	38.93805944083148
277	619.0858994611405	135.95166552198233	107.94721695903607	33.696855843524766
278	30.153322420261972	581.1370767014806	956.8845458744515	46.972264753456386
279	-15.662820648704368	39.558247847872536	-43.948372790604196	38.20817016225213
280	241.77405730796852	-37.9981654400335	-21.824398366886882	48.18465636491716
281	120.18986948275634	287.7350832695741	550.8558619900995	40.618390126942536
282	492.1617827804994	402.18922012861333	1026.196636782733	40.39178868438584
283	732.3568563920792	819.1107533350155	445.24297473887134	39.22893086942655
284	620.4248283453957	867.5093808036667	658.4064441724219	33.92526265631378
285	10.083848711486866	495.15081166420134	1010.8606660337155	37.262876281487735
286	777.0399377772914	92.09877045551289	170.79112378734965	39.746761166550755
287	350.4266737723117	474.95918569890443	76.92064912342737	45.1547111549106
288	497.0078105927189	413.6409348996487	331.4286499729835	39.10603481458759
289	460.574891550496	827.8287825337768	-48.03369373226065	49.98358488868948
290	98.07565885753198	507.35765644984383	1054.810374080309	36.18260464360824
291	234.50708271683254	682.4370709990635	15.646189500067493	42.00286708627135
292	399.374278644487	298.2414833543233	542.3262443349946	32.227811873926996
293	238.0298527556182	424.9034675127264	995.2917306899567	42.48203730759378
294	684.4895632028421	762.8121091555721	684.24668576316	36.876755107335825
295	322.10566410839584	895.1783462555371	252.17563678425432	42.260097555335875
296	262.6432926090729	717.9012324871278	537.0853412395053	38.97013621345416
297	798.1268265278786	558.0524527133942	603.5896232337599	37.056156831846586
298	714.4940199565827	458.3228844916906	502.9608677031322	35.35500706180108
299	569.389544759223	99.74937540390599	498.09849840663196	41.64402769916818
300	272.3762541110594	770.9312638201735	160.1142621347084	36.47967968371913
301	604.7366402106604	646.4200741530624	599.7182924505846	34.81908572012307
302	615.2492555537801	97.08713269956559	585.0743008276032	34.003400136051866
303	151.33254742211025	702.2110553940031	232.61520969859674	44.2148929889507
304	207.98579615678676	747.8018015857186	301.59913462915733	39.548482010517986
305	-31.450136082998466	100.0743477793389	179.91640467511453	35.1521289942718
306	7.6395572405775525	125.26868623481812	517.5349640040064	48.254618581441456
307	345.5424033431667	260.4871802940188	100.27146067450713	46.74560728493226
308	647.9783305322627	182.34916683177397	158.53328900994978	38.82932093529431
309	250.61789655702955	360.6211371047393	578.9191783660859	32.352598338728974
310	868.6439014337963	87.57847447550753	428.23978050383556	32.17863498806974
311	238.63613084728865	490.69747389118277	711.7555927040232	36.29506153496844
312	1.968062783268394	79.70279292842412	260.5348151565087	30.79758752373897
313	466.5755636209424	257.4258839001309	707.1636966628208	31.340380956242036
314	135.90940982697512	-32.60592056675648	33.3296466843328	34.815746337006075
315	488.27549985800874	228.55441889144902	283.9748626386202	38.546748241676795
316	5.113554961203093	667.3345440080544	851.3969555039643	44.22389735916003
317	680.5850311778779	-27.429205811119658	422.2083371139798	35.222285663452936
318	284.6099451718563	823.757360243987	271.78543486618645	46.79441328499991
319	-13.960436811601937	129.62129635703351	808.5248858285431	41.48465156973619
320	71.02898827261981	18.463758038642013	1013.2783360857911	35.466352789170344
321	179.36490679715664	723.8991568526313	307.1003465607031	43.26110996369215
322	853.1539858645529	144.43495434293524	1054.3527896623464	39.738626635268446
323	743.4188273572925	311.06981240194386	233.28925065425102	35.96129582375989
324	-25.002353945582698	679.4328432869095	561.9656373781191	36.08317695501103
325	688.3646323352242	585.9644537266046	309.89123940418983	46.39298711457623
326	485.69490712607364	783.9279917251034	349.7999073442337	31.53522883348557
327	554.5046662608615	875.8155558588315	815.3044192983083	31.13167028799008
328	411.8255773153336	602.5280407845586	986.2019513407597	48.59435832416631
329	85.00283438041598	439.63547711249817	688.3575776923288	47.00961858601792
330	-21.769862164095123	780.646579389486	227.64022399265798	33.61543864847487
331	766.5779911863177	111.84473102754797	134.0264773437409	34.59351387068423
332	440.2228272617576	472.4690324151369	116.00209672486707	37.601290063285845
333	223.11580404237458	440.6682251445843	645.9912576239227	35.510818813892364
334	669.9958155040007	888.5834127323153	326.61529826147824	34.399186802074375
335	113.8506799468758	-10.187488238807006	311.9453792855409	37.8503734142379
336	389.177125069662	668.7539696137757	653.3220279210077	47.365675735241595
337	-35.16955289329069	702.9276796561974	252.909766720576	36.4058210797137
338	267.9772535286752	293.54123817266947	191.16665497476603	39.209847643250235
339	425.11474207733426	452.9751614046499	833.6657120092051	45.23979529140213
340	415.31303037136325	105.3024282201427	8.102043992991	41.792113814794675
341	316.95186056948086	293.64389381841664	640.3596032238561	38.96060394143156
342	148.465422765146	892.3629073328465	995.5974755214618	32.5350238484473
343	668.8840404638614	-41.06242499642059	851.4788495868829	39.885737169514925
344	658.5724621825308	514.8319623963573	1030.0961651890068	33.88931622935487
345	817.1344153259446	177.67646183585197	892.4559201471885	41.94544893024182
346	760.7502865709265	742.4361436812992	473.7120414840979	35.010022558401424
347	753.1692360167992	119.75402588983854	284.36699392146954	49.20722447039346
348	240.7798301051513	392.1808596338401	998.7678321585918	48.63447893874984
349	54.1575056710317	678.1021184465275	249.4625670524664	43.54406229320761
350	619.2532848147798	726.1930511989052	238.08887390551882	48.517827206119875
351	578.7442292789294	30.412756317421227	1074.776591296198	35.93808620112259
352	793.9107418868821	231.68751078876096	737.3054495614501	47.02782833235834
353	267.93494064282146	335.45787066409093	-41.2303317976244	30.02204686850636
354	35.24805838978071	551.8656460533082	1007.7849261401373	44.857461080134144
355	838.5692141138531	130.1579847911278	739.7329607258129	47.20307137362303
356	170.27735845757167	832.6472550679664	709.1155314132736	44.13793566105329
357	625.1286607317425	349.2859941066591	372.45524199240083	49.13902647064567
358	196.86192409589788	841.8387193401018	428.8484163349815	30.066883121221334
359	586.4883762753338	692.9576178208104	967.1231197743444	45.184573795352094
360	403.31504353237256	-37.25500180010401	651.2204451140481	42.91566726094136
361	12.39512517218779	211.78991085679672	1039.2059441119009	30.276686398007996
362	372.8775505451596	654.7461592436105	78.1323265366234	33.975107506494176
363	89.75871199020912	739.7312356590027	959.7102536036609	37.90528396873496
364	547.759763634764	63.20827550384588	332.2951397090424	37.59684919859151
365	155.0080092836968	429.4117505270459	522.863275464554	41.16951818364974
366	306.1979560698328	454.02152192780756	786.1844084423977	47.71032687423646
367	199.672256668991	465.3898767610108	124.49641037091956	42.08699459305983
368	135.36905534173275	9.58331735709239	361.3679605087319	43.202194789272
369	587.9660613380715	76.31330899381175	798.6389658344017	39.901224406514494
370	316.0227443625049	724.5394218720496	52.522383046129335	43.049192683952626
371	518.8128773138617	448.8990424436564	-27.66931642436321	34.076635204558
372	803.0146467441353	177.01173673650138	310.7110089451959	31.520395579646646
373	685.7204118401895	664.4180625984361	1022.2292445936976	34.17894429428638
374	688.581593917811	55.447934686435815	18.896332438190115	33.009026903184136
375	560.6708752552397	682.9168652681906	606.0506288181787	39.914656571761626
376	-25.30659168252335	71.04348745052383	277.5766044355909	31.159661009660248
377	465.95818275004433	575.1552403345762	857.2818538370445	39.40174963848807
378	83.13677102241851	406.17857249246237	278.4321068204913	37.85540602419734
379	399.17582951332696	107.93873786061425	274.9771948382701	47.49579609775812
380	507.3622803974861	819.2961184074042	551.6685306778564	42.91272767285028
381	-29.487438468270664	329.7431358096	244.4132778743177	36.55494311131102
382	432.77999241599645	162.64226102365683	433.44503957468686	35.59852653886543
383	678.2900592283377	208.43749385022068	377.58495252339515	39.86827754731975
384	352.20213318370156	479.8076063837559	330.2386612875133	42.27604507046626
385	791.9126077026251	-18.84557614991673	831.2343399353223	39.449931325618294
386	61.324639204269474	-47.808955263471674	-24.57664972364198	35.96182279747108
387	56.08830567885839	788.5300511287215	10.38013270105641	43.683256178124424
388	89.81033217683441	49.728940001143215	463.1989273090137	32.59343976005396
389	780.1893591982666	102.090206511627	154.91907324110682	49.64130438969776
390	-5.32041194048562	266.00850422004135	746.4053226530057	39.22513183133215
391	324.1561487949911	299.752995343455	765.8215220351126	38.187707243038105
392	363.0237687745397	329.30711117232	1014.2904296426777	38.64617395438984
393	656.8838077549019	737.6416905268898	694.6037833467522	36.93545971128654
394	469.15985288544834	578.0533545385666	1061.367491697137	34.06783556589767
395	619.4625774756336	196.9513862579144	629.5844535659678	43.881414455824554
396	511.7798275492232	76.25477924325192	479.75446084069233	36.28771105956405
397	710.4801670327646	287.7985278864013	392.49760199988157	45.79302845124135
398	774.408277557439	823.4011457582586	412.2688678102815	36.884772320580765
399	444.2487676726561	830.2306349810029	612.8384069372712	49.22164998798311
400	510.10321524450956	567.866035424793	35.569152882550966	41.09707669906045
401	885.2916352613539	882.610056420543	508.8445496674125	44.65712207199303
402	250.87938652788176	792.1075669857523	455.02023610183164	45.79168200194909
403	415.4057933450676	842.250760018324	33.39646827306912	47.9582609605467
404	755.6781384703442	579.8038491061259	760.0679382583676	48.894236553937404
405	579.512470380388	120.85073780426308	795.3019133834949	47.88972620076508
406	348.8129209377828	592.3886983806855	752.6113863159953	35.42164996214139
407	871.5038447089767	104.48295517915761	16.047754114373234	39.958482871841554
408	548.5732145065435	70.83772109906813	272.7611127293311	42.4492361129717
409	486.1413449848667	268.75113964144515	729.0909246097352	48.7151363893455
410	43.30448475028665	693.8100023767632	292.27177280272645	36.04767484099095
411	63.65960063793699	128.99125131265592	971.462339693714	45.90478535990085
412	738.5934658906122	82.83467265229575	903.1594398976531	37.877852836210224
413	287.3378311360192	259.4209013303109	32.56343168268138	47.55358479011754
414	835.051008684107	110.5394245258992	954.5907604824812	42.58625668909954
415	28.970120524566283	360.8756737754788	89.57073470888966	49.65537336247654
416	807.4448814034091	648.6949221819727	268.4303217706555	36.78932567692763
417	51.81630559690933	428.84787129941856	805.8609231528702	37.81616870831804
418	291.41346875558366	735.9871642602826	212.5532569080624	46.02884142400852
419	153.52326327123242	236.05446786943645	128.84775318035412	38.5114043111734
420	369.78386018374715	475.50347180138317	971.9685562148786	36.41040070424019
421	206.6092247476517	611.7340469636786	929.0671552348855	39.409260087146215
422	331.62881186771136	742.5255514045325	105.18501053047268	38.00394015974945
423	243.4142203809934	865.6859551043995	60.3305623333424	36.15641747211977
424	408.9606757699616	29.42836506301589	516.5590274514584	31.713256485051573
425	687.4196872168834	712.5310516765702	891.6472772737983	31.27086997882004
426	236.15869126988918	187.6143491128154	787.283042462511	39.35391471185785
427	316.70914193677214	721.0998004058554	781.0104307748466	33.800881719136825
428	16.359481728059407	693.880669124452	939.2683940138791	41.66341157688357
429	237.7251482610863	510.73878405804135	87.42362399046706	30.751673929976377
430	534.2764767799077	157.8779810621479	262.7717912706766	33.83895264542924
431	391.57963491539147	757.683163033126	165.58939566342949	31.499890999896966
432	738.5341831273482	529.956731235285	13.157215628280781	34.21350408723615
433	-22.419460458516312	317.61176150716364	854.8998095079068	42.34188960205185
434	255.51370183781142	356.12758653561906	908.276107029212	43.07078251730665
435	40.21825110268236	334.6485908427199	674.2656868531004	44.64051185686107
436	117.25180706383918	244.93929252506695	647.8122579843051	47.47096937280389
437	381.0323333670111	483.3437083448157	330.35095613304037	42.56676357948278
438	277.7034589177345	37.551618634773604	74.64667352247949	44.906109640908404
439	754.07293976967	84.75986884045105	179.90441171289052	31.914331625525005
440	222.87352365970565	220.75834245437272	998.5609067829962	49.695229301660234
441	684.4394427149836	306.30731684225276	779.5452747664434	46.97885291622313
442	613.8549569114423	338.5565568278689	162.7515447881167	38.54331081776581
443	60.52287404247164	874.5243443778201	160.58273712302977	43.868176377695775
444	535.248462010148	425.1571930399846	542.6016413365281	42.11633487397021
445	85.50229850797393	299.44168975758436	275.91644117350967	47.51091268846437
446	509.31548371674205	798.5598103741876	-30.10736716991594	39.497480335072396
447	-49.353882430211314	835.226493085971	491.77547211786043	35.463184619834614
448	463.7173742768621	635.3773978670641	132.7483495653887	45.199323631465006
449	730.4937649818282	487.27429627693186	213.25338315523322	36.89803124776999
450	539.5076125258283	612.1709215301964	311.49268167996337	32.36083897211962
451	614.4317131985777	853.3584274069689	8.23708863875973	45.0154017530419
452	771.0838122848509	894.3791405950022	303.3566042238322	42.49354971942296
453	507.93780397312105	333.9195213723748	405.5697959985577	39.55681914071951
454	599.1596023563601	66.92345776454374	318.82974182121217	40.365162914410355
455	766.8142294791436	632.8943931378534	165.0400742313558	48.39994192611009
456	655.6604961413657	271.7975491402296	768.8351623200169	47.90521781376914
457	-31.8859856414989	427.7269752391008	77.10984352217949	49.75279143843916
458	307.4215074647562	549.2160193851514	444.4013774617859	48.57449437802549
459	590.3179892618433	458.41266598908834	784.4519412394167	38.03987499960414
460	701.5226776346076	885.8726614999129	360.72604298573407	48.561952359273285
461	701.4382004413907	459.8767419525162	596.0763575013019	37.77451386035285
462	652.264338191881	385.7172216939646	499.8618765180878	34.791308397848574
463	876.1982296326444	720.5686498984998	974.1524787269443	32.74910145707297
464	713.2103028683637	875.1232959302109	541.9078031386498	36.14034869067807
465	-40.37742063476603	214.57502854074266	244.4011935241811	40.88364668230467
466	323.19628445723276	-10.887970847493456	63.07132286361258	35.30654127725351
467	103.40614434948967	289.05930838498136	241.08014377017292	47.36034946036325
468	364.0725985772374	260.8349984422841	520.5805339016331	35.69815766038295
469	295.29416738056386	6.660772292407145	778.2675326850255	39.415121658257476
470	624.9689702323034	734.5994461754951	-31.64108173225365	39.233793638099385
471	761.1223984216348	862.2548557893572	-29.03737803099549	44.46162713787152
472	752.7466823954197	767.7862175012309	745.4933257461123	37.609609512636126
473	384.0969753024753	191.2858007862437	1065.5224885405032	46.768296282713834
474	283.7671554958921	139.22531450771135	-21.48860355298615	31.072053052564538
475	856.4951579828603	734.6442875092449	945.2045258768239	44.2043324947946
476	337.12121314845484	48.04674979212186	539.0297855299773	31.82991765383896
477	268.09401693020743	426.9319106034817	579.223963196815	48.6750522887678
478	257.2049965847006	3.1276716567833063	870.3289914696888	44.20148837428147
479	704.7023765083368	293.03550760232724	652.5949418318098	48.891075893655014
480	117.32658356797333	384.53836940254735	1018.7366680807281	43.862409090190255
481	285.7545279000252	240.79197680665612	311.80691227909597	42.68731799732558
482	51.906899921547776	262.0824292600717	387.1329890177692	46.50530172982763
483	679.9718391698048	777.2942279960604	741.8269049470033	42.508683797427636
484	307.92233171489016	353.38199121118936	1024.2340128107217	34.25217835619529
485	402.5667839668795	231.38232650714986	1034.3267227899044	33.11501928362648
486	706.690275344331	610.3092459691576	-25.807898117343612	34.50052744050356
487	72.00580729215	-46.93215039026177	164.86682785276815	36.399626373893454
488	277.3320619919871	433.6077160427471	536.3455834689698	46.3874383575215
489	-32.00489286649916	661.5088673711024	56.86529946109674	40.140282144082526
490	67.47544440925513	595.626915790125	1041.7397761196207	40.62479369389873
491	688.4451955348209	-22.43671581236062	154.24283307970887	34.24080266267015
492	611.6783573549583	770.2074657462734	863.1828586119038	49.68778886460686
493	156.42311218573684	100.88891272051089	542.2625890698197	36.01159803490023
494	769.925730686791	164.00336256138587	16.286648959777864	37.56471531527271
495	894.0924635916272	-27.77389470436162	579.0865765419438	48.91013529575238
496	194.2696239681976	814.2168703276981	871.5131629767625	39.53145174823487
497	557.2777984230586	866.924840726625	710.6141958037904	46.81980482845698
498	882.2508488047074	145.75951732262556	353.7281073021362	49.8761607423716
499	894.2229872857514	622.8036554705351	612.7149835112527	31.19636092669254
500	177.47260763620733	670.3372086415019	449.5519150813788	36.016373420801884
501	626.7353680349397	652.684550738884	593.5754023628816	40.415700566609075
502	287.41145090895145	625.9465510374034	246.87687931369283	48.54087779783927
503	226.6829719628169	665.8612428945605	739.632309960745	46.54707134200135
504	-0.7734062155347345	245.2376022205815	986.0921239704378	42.60488466841528
505	97.32479820882443	467.34460424022336	-37.77631549477217	34.73171601898034
506	200.89927724635956	637.8834920293093	784.9943614252755	45.775732235410736
507	372.6776621154966	167.86066614731908	906.6022088315772	47.95053372938693
508	197.1168124053409	-4.490190360332278	133.45807128612853	47.24179663555073
509	-16.567031885295123	711.9155068682445	930.8320202061494	32.102476842173154
510	867.1661403016767	297.7334087072357	238.24741956166866	43.76525583691584
511	776.0840984323409	534.9908125808305	626.7662769544207	30.215001779140117
512	36.1821696679861	570.5125170954157	1075.5691160595636	47.78039013462309
513	888.1051602202731	340.50557347725305	414.85372665248167	40.749006353079075
514	81.17323362800332	111.7729677176493	1073.4652250134084	42.35387888182942
515	11.561658235297926	13.465576546890958	828.6590352066006	42.30243221319345
516	827.6338773863831	431.1407185214122	-40.84368194871658	35.61791330774514
517	465.53154120531906	452.32621646031515	43.93843647528115	40.889431143058225
518	257.654861646951	548.7227903279057	110.97172999039915	43.64336326909203
519	-37.95707965544787	757.8820795235185	65.4654421954112	45.70437153981197
520	664.8957596524778	757.3013452607747	943.9653968238001	47.15554684108861
521	754.5636818856369	588.0468027614718	673.1625280146101	46.26618728821869
522	470.3504420260689	689.6881218462166	437.5996496336029	44.070106457578696
523	721.8248745818541	335.1983203590077	554.6658173654425	38.8047589912637
524	710.1569468477996	-17.322402180302724	1000.1246267880035	42.78811386611714
525	227.87219343237922	-10.428874106479725	1059.1844097025612	37.07837700904818
526	879.2316560450953	136.73322053552224	27.12199742909121	33.129202689957005
527	38.07692352664445	729.425358564999	405.84818356951826	34.384170355863155
528	246.13139875622903	624.3785691820344	250.8976931965879	47.11277727811392
529	375.2492562150578	890.9752782862615	670.8464448514302	47.669111876063724
530	586.6803238164338	625.5403445772187	81.69917575568076	36.551879873340305
531	554.6539585466962	893.2800797889513	69.35518901477894	47.43051748143806
532	16.45406984370807	315.4457390033421	256.2186246991302	35.593192137382566
533	133.57685843517967	457.7206873552123	428.4326303075573	37.70974831715768
534	362.61450760955216	229.59293705290037	-4.5675299059767624	37.98991872051245
535	221.83946471807496	483.82417954879554	463.2119359491154	42.92738437078117
536	633.2431484923632	479.0844066501453	747.1245851607201	42.74875577183262
537	791.4322510205736	737.4148468177525	652.1254279464844	49.10887855971532
538	16.535528059057413	22.386594403841897	73.21685719729145	31.49898315154742
539	185.94878612743915	349.6274673304559	-47.41784644754921	42.87989276287978
540	115.18434364712084	588.8752919000117	1036.8325561671174	30.995723356174867
541	400.07466268627985	287.58810722378826	353.51045921074456	39.09065365969773
542	795.8831271768802	124.37121285611653	508.780440820673	41.94118619522214
543	13.510900444021011	601.3140656109686	1051.5535627549143	42.37098958802615
544	135.33095861467893	52.236746140355095	344.76274709068974	39.067880655518366
545	471.39053774337026	764.2249463271644	638.1144327990881	38.97093532123455
546	229.39856506829295	715.1666643011764	222.41052404131347	36.94779694519199
547	647.4053337546793	298.9081920607425	1063.352308317464	34.8949467739679
548	780.6765184875802	655.5417616759663	609.9266557808371	38.535187626055425
549	705.4313547211926	380.11225298771836	1078.4150449704543	39.57382194186006
550	654.4318045043686	181.97087521915012	609.3237274903776	46.54077559696526
551	727.5633430894746	677.535617389056	357.2283642607001	46.015730458833765
552	232.19327215791952	-27.79958830936986	399.5906505605197	30.372797223103564
553	147.72506356739868	632.248427425831	742.0098778959681	31.154722879755077
554	56.03262574866804	549.41081952145	1030.7015041869165	33.81247346446696
555	575.9934306411678	486.6510110757956	709.6826124844152	34.34664650729311
556	387.5940208428092	476.65112331047703	-16.218327056121915	39.12223617948637
557	447.3582916383685	800.4300418444662	705.4819861483783	42.594607161972384
558	388.5355180258078	555.6234044509188	654.1545297629262	42.76101043800075
559	560.5439002431925	345.31772652683355	866.3946879357658	34.59100241061465
560	141.49231730283398	574.1669576503283	161.86273615232471	35.28197949852718
561	474.5086351635175	761.5227485282387	1047.024377378981	42.55939942719218
562	469.8636726448582	143.7150875799816	509.14872674965045	43.20130990588702
563	886.4702400078871	550.1503259949641	54.4580660230818	35.95599042423336
564	187.0454781813726	429.2325022014491	948.4613679466014	34.69590044967462
565	591.7069657475306	423.06543258135105	498.32705492918865	38.171939505435084
566	310.088050276879	179.00301750969433	497.40759461019195	35.623584015463415
567	201.6572419166416	134.64816716296338	962.922146668533	31.350161199521096
568	115.18342633877774	539.7848928026875	597.3707657880477	35.0172600118989
569	492.7442093466102	724.3000741234193	675.723736121909	39.56429565587669
570	862.7733494859378	597.3514370327478	206.32696667157916	47.11295973292526
571	-36.255286416690126	455.3521476908783	727.198129828771	37.273334564221024
572	182.27018984176217	887.9671950030497	161.84125565996288	48.38901347673532
573	39.49780213415414	601.0161703199827	1012.80210042763	35.94000198911872
574	873.3840253981921	384.757190253692	618.8301926133757	49.498469762725264
575	548.9679474764744	-33.81389037934619	737.689923557446	48.672636746221045
576	696.0902122144118	893.6929528203284	118.09760865465827	44.47972439237488
577	483.2227995570581	438.63049235972807	33.37532885249624	49.370941373656834
578	681.1639737662291	642.290881517081	777.6427447520613	31.39818078835477
579	748.2187958770731	705.6691766304132	925.0761084417642	46.271329575178214
580	849.4519555137543	802.6123170274475	709.8444592758206	49.47370633705151
581	254.71868803910922	740.0361149705216	145.67718863060608	45.7395719791084
582	353.706561773876	482.32538825989286	945.489775808625	31.054019546627053
583	192.73668270437275	808.5353131756652	-18.93285103094359	49.878877050699494
584	344.2502938580535	664.6226182864143	544.7508047092032	35.17627494990503
585	865.7301247992117	422.8402531264198	513.6417573382796	31.37741772508812
586	-30.868495654362874	604.9956196128633	371.25707475124887	42.864945149902255
587	140.5479959556927	705.249857154517	317.0651116320494	36.90359465157245
588	600.6118071009208	601.3832758448865	572.6328142329613	47.27189016410175
589	622.2493037570607	802.963480776849	1004.9367847020444	44.36577893384477
590	412.76150265612546	410.3473072838664	1009.9922479477432	39.67833342577702
591	60.47326337183239	0.5000255139398249	560.8583682052863	41.02626429224166
592	96.63364123766118	97.22787084344392	967.574526332215	33.39115710585594
593	488.1801877642281	27.85266029775653	504.80758827599743	48.48501052896817
594	568.8136985662766	20.537151218989905	67.64388046879586	48.17400302042238
595	827.0265014859251	708.2705596818276	845.5785423428977	36.41610185167622
596	628.8077672709273	563.898622297798	-11.18838674271717	43.12106067582196
597	290.6714416066666	-37.38083482377172	141.70623587068837	43.57911049458927
598	532.7813382580254	511.12831477625457	1011.765967628723	42.35813067413044
599	768.6445427599624	805.7977174572814	2.262075583140586	37.828707642477134
600	513.4761679575262	343.89928338306316	838.7287332294421	47.967431283577724
601	887.0025322658423	662.3294967814852	554.2218322094978	47.22281166514604
602	410.91664069243546	22.33517986936917	587.0515711469343	36.902785598111045
603	211.01335862272782	88.97265709905287	91.46436134183327	40.31096494737322
604	754.6224435320436	819.6288392738667	671.9559497232561	37.16990723273709
605	72.528286315475	457.2350870463212	694.7333448743265	45.750947440360456
606	734.1774052888546	866.9416434519834	63.022949650899264	37.84888911610298
607	578.5057576165543	-36.513648223697125	447.8883388795132	41.9017203170393
608	181.66484837094148	455.41449774797326	884.1532103550757	40.66652069867639
609	431.8847170934137	880.5356174191511	529.1377687478226	49.263950344395354
610	408.5144137733919	822.4180886095539	832.2746493031497	42.163926769890075
611	-8.558061046448664	341.22825685816184	631.0800205667767	37.98637286039341
612	-22.734437540347773	46.19508715405236	908.6051082382899	42.02749024570009
613	26.353670725964605	-37.633250553249056	581.1421835381343	30.594493789798808
614	590.9539937333784	334.10610705092324	327.1318553578182	48.49095982589469
615	197.20877568699908	104.84207416037253	608.4736613640474	32.403345858715994
616	40.82926587906766	773.5109125117837	597.0598825999559	42.295785536045734
617	480.4426821195217	602.2056648629822	841.3191909950503	47.35047896859304
618	779.632642489912	227.34174546322708	-21.080601829572576	42.10637803329301
619	231.3574516208381	-48.90142007384356	665.4969127453164	45.20277981170109
620	208.97476355987084	681.5606108295891	222.94247443842016	46.467309061059765
621	285.0876984825561	-48.253734149021845	43.1227215992063	36.34625137900502
622	857.0455347114109	265.7578124639918	1024.3773414563293	36.10715214779794
623	63.09167065360397	511.6530388204218	290.0202125321174	31.483507971491264
624	209.49040322324913	642.0687496156727	474.7645743961051	37.02256673219426
625	426.9947475636118	97.94515606726202	552.181607697512	31.868139356478483
626	44.902880980416384	855.3475109361426	1060.8652724304345	31.925252991525195
627	531.4114871016386	450.40048758589194	616.766523358812	31.24413574904492
628	720.8259185285983	760.4299089642891	726.4964939063838	42.5708886545125
629	475.7243598079151	772.1038266682971	640.3389752234452	33.492904301762394
630	536.8340025666387	792.748108495141	979.2018571543804	37.65403293576169
631	228.60521139128434	88.02921911564968	353.7598972043886	43.41447388405538
632	195.60988009373068	290.5473003794844	-21.20322575672183	38.82326584821066
633	768.6893425788714	82.41458043041524	419.0914897203614	49.78791344599594
634	444.80198253663406	259.67257633764467	244.49536141450966	46.32771611890831
635	882.8326342242894	566.0466067991663	940.3058720529939	38.512223200387005
636	461.0492259276188	616.2827970270686	304.10409632687583	36.43229950028593
637	549.1022392232933	608.1240985646044	200.80575264344375	36.49141800744037
638	897.8107462500893	267.2323720628207	442.41284802686346	48.834693010529875
639	103.8196297262057	473.27783697832774	271.6923450198914	40.07927869191831
640	354.4763886162443	347.07899410802554	851.0734747405141	39.39135903628855
641	74.05633036577052	165.80666122615375	922.2511147310893	32.04938399222884
642	138.28681608141866	649.0910246168899	54.2664062860062	48.564906518475254
643	736.6911780439428	131.57974442190067	946.2360278375472	42.23511408074234
644	259.5705232348771	316.2725146260645	272.0258244890683	35.525731795770135
645	644.2087503360636	800.8113291631432	396.97194055416605	43.32757878359685
646	379.8735082217262	84.4759952167766	481.9766748971308	43.23370871098396
647	636.3598068702448	462.3986766124028	1054.2350140931783	40.61048024805623
648	56.27914561412763	-23.788438732349917	44.07192852179527	31.338818642055315
649	812.3623907346836	366.6967281422335	22.024756571124215	42.31770455104477
650	211.58228584356715	484.55221174439873	701.5402745144711	49.157881370879565
651	109.29295889878233	267.89517438146385	680.3616532477332	44.147475199560354
652	-32.29192868331444	-46.41609783590907	530.9344985825194	37.98226648821236
653	176.36174786348553	246.6006466539219	295.1784827244578	48.74336415637234
654	526.7599558659886	660.0657638530586	167.71390041887508	44.28781681813811
655	275.29124893265856	450.2236083320084	735.7158617741916	43.18446237475765
656	222.7376404556208	318.50547965332487	781.4317054082267	48.587890378100525
657	639.5299748855191	878.3445559880868	509.74084339703677	44.60837368538357
658	638.2994356467416	452.60584875418226	251.66396000573116	38.61895460725192
659	187.84465795852918	493.2379897060231	860.0591953634582	31.11151532044684
660	58.16168299931725	54.2801863926217	299.2694884877154	33.445527359135625
661	701.8605246215927	363.7251475687335	712.0482576180367	35.888115487085436
662	494.7452028729231	751.6969089946391	399.35663534760175	33.050691472041066
663	57.51811390784512	813.2464367985343	514.7305168988751	32.88713295540413
664	5.944843320535185	4.9853457749008925	223.48391981072575	46.29798019763648
665	-37.08497735049974	748.9174169505745	56.98397533119034	41.84541114484058
666	699.5247943940574	462.4190769638177	235.1405197456533	33.10040324278096
667	311.0531309449282	714.9135970332534	617.2067219662094	46.185974760425566
668	-34.041496449893856	300.888823312275	61.81051706911589	39.837677742565006
669	443.0530054167664	37.83427817364934	587.7788972573359	34.699297227371645
670	685.3169104936126	669.6323015414035	642.9489194440623	45.789505439402056
671	395.3233163557287	636.460972464109	1061.4107801020687	46.51293804651465
672	340.54348849453453	742.7019339954451	870.9831061102474	42.82692584907897
673	735.1418997508673	850.931948586234	350.834987815457	43.45681102323303
674	156.6093581702444	519.4421848249036	845.413279703713	33.40879434978641
675	78.7709034894925	687.2753319506106	465.56873262691806	42.59861389223792
676	-17.54825831688001	3.4196345185284827	866.3430363306004	45.75539165220805
677	587.0070081319983	-1.903973683813284	92.173323675082	43.37228234863016
678	-29.012164439984	25.957590834978305	-24.64060185484098	49.21138084651612
679	268.07629942622776	879.6684079905954	1010.9229592095094	43.95805927144332
680	550.6838610939727	628.5681324496198	355.7633300726694	30.804078603071506
681	466.6414992412184	421.475525687383	806.8444643110477	44.32860890286247
682	257.8332901128701	344.06713131624224	107.84155008464506	49.383937042988165
683	-34.20259005629622	840.0529760098938	440.23604451151067	34.740728373489404
684	-21.995758319479872	720.2875636673641	552.7016031147448	39.25495417289822
685	-11.320012289893832	29.639746292441416	396.8028438742449	44.57651004419316
686	50.03494292421088	478.8012791175969	243.6923878624895	38.61032438492962
687	626.4541447291256	650.2849576432545	34.00628200781253	49.23003814759561
688	205.58613552077782	151.35139336724632	342.15041972291516	40.49290244891655
689	787.7266325472136	161.5730705164043	59.16983459982494	37.69020615915278
690	114.99408290999887	158.52201700058689	979.0742370147921	45.48936695020886
691	51.08215662894271	642.4553782394181	1033.8408598290648	44.51515294000833
692	308.40073015887805	541.0806839153149	117.39895138733462	49.55346761648902
693	295.42959886736304	864.5959247463876	529.1412278987151	49.80198394371325
694	223.43390706035325	724.5171120397739	736.7752913462698	38.306579981286845
695	835.3406165793197	617.8040569243158	583.0218296624572	34.32111553166942
696	858.2224216122852	184.11097185413635	144.61175698509612	48.442210373670896
697	403.8809843105551	586.4397375107909	669.128061310559	31.7791649763639
698	441.07428511957386	205.99459048299371	370.2918981979963	46.605216974865236
699	4.541097304749918	515.4486455247942	189.5263628184958	49.61652917168104
700	42.49583095939106	750.0783485776237	114.27736433174672	48.83488831775175
701	776.7179067836778	328.0247420633309	582.7136419372235	44.26251838277267
702	395.2344364407362	625.4035619723234	725.2450827431837	33.112209868353915
703	64.10222294033628	552.6613353276864	934.1454383923303	31.04866782632937
704	849.2001117079425	-24.680927652176642	261.4375742866696	39.81031501420721
705	414.56058410341365	444.54296560966196	1070.0522886741226	46.590711132350116
706	301.98621614788607	614.0295712090797	341.1973615340309	44.84146445621707
707	348.7643865437852	78.16037307087382	598.7466346611768	34.01230012948031
708	499.23641317271097	422.6965762073055	30.262484203586226	44.94850875645119
709	511.2321445164084	253.07375851774174	598.1533063487618	39.90536093290594
710	68.91927655945763	305.71022876777226	256.9863109758889	40.49702585102166
711	80.35304372625802	349.11730772201986	113.76107800789936	31.4296761427934
712	707.7549523855489	838.4767604395432	813.4584456700326	47.75455726912598
713	235.7273294342889	834.0709230437673	316.5304671758424	49.6085591548477
714	557.2463140647865	464.7010158782059	429.31136313925583	37.43258762521313
715	316.7442682861217	641.1554648108046	628.3829670872345	35.42062039709319
716	306.0501997987982	853.8681865506697	1006.4403775606565	49.159788557487346
717	740.1126627845564	652.3739853279291	23.306257961124373	37.31324095509166
718	849.4533550076327	162.98685160907604	897.4838363724319	36.5177727719763
719	487.7713133733373	875.3453056115768	588.479549357766	49.308241086293044
720	584.064504350135	158.01522554820983	546.5734634599856	43.25086824134319
721	47.318418849725404	196.24952089133737	14.348581802700323	37.104080802038304
722	-47.435935315661276	543.1866228327964	1050.9376142926628	41.813826828866475
723	167.21607509175473	585.8960372976708	471.04975999621604	41.489415976973234
724	251.10138361686631	-27.78665228342494	35.777897060017594	33.88854576280117
725	159.75673932665518	-26.591152734353145	523.2665039769428	34.69846041235398
726	277.96096431301004	455.37032275128587	106.04520881061808	33.862002402079895
727	880.9062881403329	574.7956457727745	1054.7204458150993	35.26026689694328
728	102.62290551420335	127.76205126594715	-34.289482676105244	32.62104682505764
729	-38.96579407710825	457.79800854738187	384.65718194422266	30.465595923206216
730	573.7982407719683	333.33492521042353	428.17912249606354	47.33948666747426
731	203.08154497737362	-30.49727687972377	758.310061790554	36.09165350280908
732	32.228630078240045	821.3856272915614	585.9980699021603	45.434177194836266
733	324.1870745970289	399.38384901057367	1048.0369612849336	35.321582871100254
734	455.4476922111204	532.4004151865039	244.42295872775156	42.56470536328415
735	251.6735063408198	-34.46368830479173	628.7647091537999	40.77304938212862
736	726.7907216256139	317.00380929573697	1069.8962951786345	38.49834986502552
737	28.54546307432382	256.87215073462886	689.4175483775037	33.36575329923936
738	644.9347491584638	774.6294062892908	50.42979178471576	39.09797934260476
739	504.5015979605839	314.38641690729816	379.08869663102325	32.90322725329429
740	289.3283927859984	503.60487020955964	726.2439913388216	39.18326143293125
741	46.67127014243141	243.17499799495528	677.5888926730008	31.084928131187578
742	427.8091310479014	663.8273812640376	406.69534334269866	40.50002743874923
743	418.77031788621724	-5.005920799716549	246.0117022624985	32.658917868468805
744	645.616606183887	-15.075297895862242	989.8462941454286	35.03170320352798
745	535.9245558228364	61.32160742984399	792.3888882786973	45.6212041215048
746	56.088464616096246	775.294952031102	817.408451329814	45.80318275292391
747	181.18217839432157	838.8818491108283	1041.8037172590543	37.95484135940097
748	804.1617243752584	846.2300703456518	1055.5128941130881	49.78160464678418
749	187.1180305912591	189.3377172265065	992.3653762349579	30.653721975694893
750	68.30399206720782	378.1997026154827	630.2786011645644	35.27078360537614
751	361.69189500406225	271.3650674102661	994.4323203682	48.51518693420476
752	407.58092476272657	170.2467359788688	8.186382807841198	35.063377854060235
753	13.229609765339141	372.4523183636453	765.8313931873896	33.19457216670485
754	198.6294723950639	775.0179920524528	-19.698125213380816	40.70306904283742
755	490.13402736786236	466.19918106000216	832.7164494616804	44.85977738087098
756	847.3995587390483	810.119710714513	372.67269345954054	31.38967368122389
757	-21.10286616267169	609.1987168863275	668.0853496441312	44.924588486082214
758	307.2785140438317	541.1399435619786	619.3560564170076	48.429308393561236
759	118.38891602658327	653.4735932493159	237.82328386163323	41.501485740085265
760	239.290428681803	163.11193223937852	292.15293222644084	38.29857224609403
761	684.9739872443714	34.15619599338987	324.4962583413311	49.90399548985152
762	357.6084307569487	-39.31050736536212	867.9779018814777	38.47265133012082
763	210.18889266570625	48.75080935442587	447.883016294471	34.38791728293563
764	192.6290255072416	297.1050856535267	758.100906231662	41.49349362100915
765	739.4327914603987	755.1459109266871	542.1503959724665	38.56204691339521
766	671.617653384043	749.5595155890487	525.0089087729701	48.975079345243
767	363.1039564687929	331.8496638599274	773.6111223972376	48.07915201416396
768	510.93373151618766	731.3128936839664	820.8482722785727	49.11064352643605
769	13.848026841750006	407.1511838388598	958.5522408824584	48.46226173028401
770	423.6461566168756	878.1962474974986	-38.107783932441485	41.51927289660329
771	40.92041417119047	692.0241509518409	691.4374089865418	31.568522257384867
772	256.6086577909783	521.5976552753608	392.5005836164476	40.30973605360661
773	534.6844402100653	330.2988893944217	842.5040025147987	42.08897220102653
774	7.617949569840462	265.230690116453	-3.7061563913113673	49.92588244241558
775	-47.08193362978213	868.755542560914	64.92875317550192	38.23204960536286
776	531.6674862215771	33.36468795209659	1012.7494180857866	30.119307608825928
777	32.415063547543554	141.26625608192714	479.16968780390016	36.21126647331641
778	50.806219682555934	541.2472364054241	475.79409806663625	33.48849941590143
779	535.7967105228398	644.8609401294096	549.3634556471513	47.9724955519459
780	305.86687926895763	698.2453851358044	393.9254351296485	41.90973235525145
781	179.3966205507905	502.7900074155609	477.3439585113764	40.07500944171993
782	178.53180170643753	347.4660034200715	268.3130958042927	39.51257467960369
783	9.574596179991921	750.9850221058404	512.7528945811999	36.103062250181765
784	41.60146944612259	101.95456641832382	798.0863562879955	45.23960368280069
785	97.58363958063961	844.6703646592193	271.99564034642384	34.30888413947782
786	606.4845239785865	425.968055111383	947.2776374576026	31.627947255064946
787	670.9325408865494	483.9877534756363	144.90782936030882	35.20532542996392
788	-7.591223399874487	266.85719796688727	25.720942384170073	45.216342796322635
789	400.28619875727793	304.8490410297046	281.97701525858497	39.24225158825291
790	83.479676444646	261.0104380237721	126.85279853372785	30.456291950174762
791	208.51546024056722	490.8999410841599	1011.7131908979004	44.97819351376725
792	576.6803792087477	60.411104038338905	1072.9638718690665	47.73983805524436
793	115.49038193367679	485.27001694479816	744.4896142833409	45.70142657152784
794	666.7985573482351	647.0558192348518	-47.12460055265711	40.60127444124157
795	60.117685291574446	776.1118772043142	637.1849731029857	42.17051812378784
796	599.2253983742804	275.3027881590529	451.34298917624716	30.68680273634059
797	463.4593772592193	256.2931310690057	773.9821381760026	30.323419094029106
798	356.14891743787086	258.8258246186738	762.3623027271495	35.971780730799125
799	376.12906097330523	539.7104424047178	727.8590177648354	32.440854082336
800	136.95698223165832	607.2216844616539	139.46396147592134	41.44096300656729
801	613.8764185657926	391.19107755824245	424.1970379481601	37.527276563607494
802	710.3733572838377	-42.87219953043371	151.3981684856622	45.87144122850886
803	521.909234501542	397.0180646035524	220.0633435479403	43.548485267184645
804	407.11690465522037	511.6933883649291	458.0323677436876	30.043317895997408
805	730.8220304180916	238.86525294640467	897.4270842169781	42.03789323855838
806	626.1773024979689	478.1463982148831	346.7485171776793	41.41739945173239
807	845.0758873752268	42.95715737000093	602.8497808750592	46.02614724299397
808	606.5819694563945	179.09108638626947	374.6389852052718	42.6488450278372
809	62.570127767363005	722.2145731862747	779.2403587680292	49.333858423703475
810	198.42989537374737	730.541861836181	104.43958092212617	34.32496976052451
811	764.5057417271327	720.0372872531741	353.488344478359	43.66213369939707
812	507.73501580453717	92.35991982726773	1007.205410198361	30.6188475165139
813	166.31984841787764	361.1785552498859	61.731200737769086	46.71955996028203
814	817.1229687044173	805.8751926433337	688.8635912683592	38.562590746385816
815	131.37770546072952	877.2764665745456	1022.9887875403977	47.75757515869938
816	735.1977789671663	510.38284641687835	911.7909239712874	39.65521329026669
817	434.6076027845623	87.45558654339416	728.134864817245	35.55013153924885
818	608.8957492344784	770.1280929781077	169.644308568585	42.05766221973674
819	875.8023920598196	434.1035746288904	334.74795119082756	48.2951835841269
820	191.3990197847384	531.5940004031693	995.2226471804686	49.91507987930523
821	194.18133085236155	255.3658896599581	202.52292983119878	41.99249647621373
822	864.9240618474357	212.37269691946898	96.79410609989696	34.71274958113873
823	786.9564869484549	80.53242551711415	-11.017764562033236	48.697399570971605
824	557.0656215873025	304.6610177679144	114.32413039073967	41.55990596849532
825	358.0567409672236	47.66622751405359	634.1831759149607	39.589239837853555
826	257.439653043935	141.7694716335214	685.777363119845	41.49065438726777
827	729.8141015831225	423.2212567507274	134.31362033077787	35.76792585465968
828	95.31702204897451	173.35180721266428	284.9708694826775	32.93135896572607
829	509.0946901391462	526.3249017348211	596.7167163927342	45.909545267538796
830	632.7377774392244	770.5864608396126	91.64325029603523	33.814374313052504
831	23.80594555700135	791.7644124140418	359.2288782740878	41.64020120509669
832	378.170231173383	58.110959754462655	895.612366708822	41.72404871267112
833	493.61760028426795	117.80737288666413	149.96160389472365	48.380418328050666
834	532.1108212737508	786.2353513544662	838.1290332754984	36.50096134758839
835	479.790865344311	669.7706340220042	22.091152763914323	32.187766174534346
836	157.87862777014132	11.083942250416698	-26.678868693164333	33.14978295177714
837	390.2071407444629	-48.06231184552365	703.4751929954103	40.16696645246077
838	-26.045982833473158	563.507556912084	554.9803143863633	34.441218419840524
839	-44.77464884225866	709.7875558678179	344.2346994607575	40.60791999174987
840	259.073137309406	65.07116599944924	-33.14482224503929	44.37833163273412
841	137.6147073120078	718.9114452084458	-10.944833794232963	40.046663594322915
842	351.2404854115584	77.49241413629635	793.5470573717148	40.52271231452011
843	590.4018634867513	652.4250079503446	693.8073299564539	40.1077102295022
844	576.5403802891944	528.3179840372118	414.6776266277996	47.48918286640493
845	749.1797817671131	497.3624690936804	714.4821545409031	47.69216987751187
846	871.7336009516524	781.8729839640308	56.77855399396674	46.6016838733659
847	9.030808125478302	637.9251476282673	915.0957362641051	49.2898273748438
848	320.694248678628	153.23389730655927	642.1111205702272	34.63004821888766
849	604.9607540492065	475.81193993180227	678.2864458672071	33.138191614340734
850	-17.983340706695813	77.95125795037262	588.566693596408	36.39015849041413
851	293.17436092924004	629.39218659871	220.76603646583374	47.856908280403424
852	291.33147907552063	119.6986059005605	641.084347254157	46.17916720255963
853	278.0129635408936	678.5496202502711	738.6051730768448	38.579524287942135
854	266.8442086390696	339.9361347265456	189.36289172694578	34.2915232087464
855	83.57756939233747	636.8828692622118	85.03025092921865	47.79847951239006
856	739.2831018608299	-17.21461910152224	65.56551352272649	41.159448326411386
857	715.0220811136238	330.38512951819075	861.8346452870207	33.06255574329866
858	875.212046719314	316.2675618557402	880.7277437310187	45.24447762962609
859	389.7623629872657	-13.75669160502143	-27.329990430567378	47.480075760079934
860	179.3023703101599	635.3220054109279	675.4642617832602	39.8102391016792
861	-6.858423858932902	-1.2791222917581564	973.1697669239248	34.90445831017529
862	526.1189319168751	270.18185261436446	488.2221097092146	48.87515281549059
863	533.2496379802064	476.4862643128472	223.8183090785265	34.85015603248237
864	37.21788232367369	366.81090900657523	6.266148860882815	46.53791835774953
865	387.889932496765	80.321225077061	929.8144920194795	43.111940794854235
866	48.17543575441684	844.0700255967424	-36.40719374638852	38.89399377414425
867	426.8244854058118	678.2978094033241	712.9792131551985	39.31545857466132
868	481.5193887760845	348.53763156435275	574.0924450147043	34.84280939053104
869	239.7024199282834	199.21623026118635	54.52577900392927	30.150544341641844
870	404.59472146312095	664.8754355348331	844.6041051166214	49.057776884470755
871	374.3934503357203	452.9737165461373	328.4614780230296	47.923787609336806
872	417.9619835503881	798.823047962986	583.9860066371091	49.71468691851847
873	391.42641049143805	621.1996718404005	348.70078073211823	44.51636426723007
874	664.0956362858782	608.1270985295066	786.8161330318018	36.113663632035575
875	575.0248604730893	446.8682614241758	478.14365294315905	49.374824436164815
876	-29.083305686453045	665.5331752399958	-29.29638283221883	32.09678624856013
877	859.3056476667502	235.54559618116815	896.1654445882192	31.497988558444817
878	-47.542318714301175	-34.8728022517434	658.474909947803	32.50194521774235
879	814.7479677178364	206.22634807947964	100.57494765300311	45.0754313144173
880	-4.682144408085485	54.01977068954149	56.93767756947656	45.018442890623206
881	321.38868694950196	452.2117770556042	489.72865187888635	46.98328921399617
882	892.9630293567767	458.6739788027654	987.2426997031328	34.67608363471686
883	768.1264626860996	287.344076647479	945.9102716986939	38.50701651877846
884	550.9071758433734	65.23854347670391	732.7803576006467	37.43971657137717
885	321.69837118469786	534.1932901142965	722.8571962047124	48.31880464778847
886	720.4356399212146	211.0544328073048	674.5917573419413	38.53233406680303
887	392.43095791631305	552.6519255551967	958.5168625929449	37.23257569564075
888	115.65318522129363	328.1856484754426	979.0262340520501	32.462227781596354
889	66.67203497679402	175.13303958955845	-3.5536909774998335	36.544301890302734
890	55.38263506844007	778.6770636818073	490.1997736533589	46.72274439865522
891	584.7034926014059	893.5758582226346	-0.7963939302592351	41.02033592613753
892	892.3529628370279	493.71806999604655	16.4089035717264	47.144581481292605
893	228.67305511613353	363.2189103680232	25.80996043072392	36.08593422458381
894	745.624256183322	234.32465195496434	33.544164445316895	46.04381062459925
895	603.4315888401653	891.2161717525893	970.3377038630666	40.39860850617279
896	339.01356333024285	393.4036761386458	293.7470553407933	33.155310559530264
897	114.81506702718747	41.36413644286338	878.1029209147534	49.619642431188126
898	22.67685151250943	851.2069400027581	90.30453897781263	46.149300838625685
899	349.8401058836159	98.77263513016732	473.58598000468817	47.55836994784383
900	511.8708116911839	474.26290071986887	572.336401938269	40.79542685997389
901	252.44721395482588	260.39643460475656	786.588685610896	49.01973884832377
902	475.5331293103055	604.4703879385174	631.2004960899384	35.69363521810591
903	364.49505139892545	91.27856376770268	646.6297213290371	47.49627146269577
904	748.1244368334707	307.63028616999816	832.9775350217193	30.054990906039627
905	223.54518941516426	380.86330530922874	743.7171171803951	45.79963295987315
906	110.66836940065019	529.7985042890895	885.7240416893438	41.561391179017185
907	86.99104615707182	2.6477194056679636	330.0654233648204	47.93983241844915
908	207.9802920222138	521.9619345320187	282.7588384326897	32.959735268324415
909	613.2065995256509	-41.43924568017832	970.004883024693	31.512956459712168
910	848.1204643973167	579.0857842390167	439.5661903281128	39.26347861552234
911	264.1699428999646	816.7159841792021	427.5863430549572	34.70667120338111
912	842.8862375440764	759.7803998230689	731.1927974177592	49.975072733122744
913	60.15516343379123	674.4957638472463	819.1978029307212	46.84852047523948
914	845.869609067901	141.72521497840845	-3.133569089414806	30.50208397964933
915	208.3926452937668	348.56609991354344	888.7130511075632	45.33247228754878
916	253.1058783830648	594.2576800996433	546.3799022453367	45.30707531579746
917	568.589474694181	438.10595573874593	761.7136438986945	34.58001243074782
918	848.95924867015	779.0424079096383	625.2143206323634	30.674534049610056
919	334.52069794732427	684.5904099052868	1064.681344998547	38.988251037511205
920	629.4610591763726	309.7400200422105	160.7690567604924	49.26821043040054
921	384.6070353987333	219.98692367144406	681.7087981240005	30.502422749062546
922	549.2306383188867	508.2559553101779	1035.506267684278	39.814123342589426
923	260.7242866519909	561.3505666245103	437.71216609424135	35.90888874955186
924	211.06915712776214	111.64610063317676	834.6312574428192	41.90647022447355
925	75.87599410255805	290.43540029878176	657.3805337471796	31.994803807605003
926	69.82107530410553	102.36874913486486	440.6199578934972	31.19502987901498
927	255.70735936184218	645.5328572774341	997.0564120182389	33.64182878899098
928	148.9752760638479	307.73150614468386	748.3064359492649	34.34574069910074
929	307.7768726651433	673.6280574974465	399.7213956098234	32.06831860511902
930	-8.748512180145298	557.8821860636746	317.0609261415555	30.628364885131603
931	546.875939964462	448.5920632938817	627.8334195699933	47.368148300025936
932	331.96978533562617	704.7210927691766	903.7479791766381	31.276593825906424
933	600.2186509639376	311.24534515043854	1070.5032150206614	49.20337827620169
934	724.9536308536831	43.325219054861236	390.86059641524145	35.09709733624342
935	342.3137243513727	500.9104538729613	1042.9760828379244	33.63228314144843
936	544.4468296674237	733.451470622314	708.2216921056564	46.68893427912559
937	252.45296474265746	186.68280002103114	994.4449255913985	37.48864221961294
938	752.3571598483992	856.1129095140959	632.3169878005881	42.465224997569926
939	-0.2911941336939421	566.2659939699595	854.5221583919896	38.02259791744979
940	894.3176561948625	214.03469251735152	15.58179503609513	38.79056532469164
941	100.27401077841441	455.46533154259663	527.4493886223671	41.69647913674712
942	294.6602227620622	330.41147336418726	656.9331168011892	33.019929382996985
943	419.04171664346967	66.06333827228539	258.1415206299676	42.365985378308594
944	856.8830276356998	409.9783606106186	-37.3288148814089	41.717651038592294
945	523.8011087924612	61.45044041127559	945.6387025239115	40.19063473650357
946	811.9624207567396	263.83180411755677	28.01493419955702	47.22460634312439
947	270.6559126104914	95.11697229863805	777.7710978135273	37.26138944607875
948	858.5276964258994	342.31111774960823	315.49071797452075	47.41474861928147
949	622.1306152963143	-49.792911048787964	277.96629265540884	33.62656669953496
950	221.97982157037995	732.9671826885236	246.41211737841593	35.15371223256223
951	400.1743372002077	158.00959520377214	487.66868065472295	30.23097256505243
952	795.7991250901468	408.066906590141	599.4418415856818	42.78313759428763
953	368.664417277123	216.71919436233708	754.9576294599585	33.23266554610687
954	733.49115833038	20.473929251460717	499.53614467570014	41.652566429690886
955	384.3483272688793	287.96236709846846	1038.7161333090166	44.62270105566077
956	330.07285601870313	136.15726158282988	310.459334972346	38.30087479680671
957	87.4832724551425	562.2464950504823	490.7181003681088	49.19503472842544
958	267.6636483032718	159.88134868462896	1020.5447054832534	49.42382981550801
959	684.713519932665	830.2493753513961	1040.0887245898805	32.46044223881406
960	287.851531216363	696.0695889925213	572.9326755391422	45.44512688697223
961	218.48059748061735	396.46288706935115	640.0179340404828	42.81691393602186
962	40.62996190417476	447.20986905088415	960.2260661565368	33.38255516757401
963	12.388937407621668	42.581233724143146	184.38117680935383	48.34292282272193
964	537.5681107230968	290.0923598563726	193.35618770424284	44.779541611130064
965	781.0764168232397	847.2310277517599	905.1448945151747	45.5026598673997
966	275.1931256700165	435.6813888408174	330.83872352146557	40.71520505891408
967	701.8562248058867	888.9924105242411	1077.7830127243974	47.72109962190687
968	448.44080544502094	-34.81527801829831	590.4729348483257	33.3711925882137
969	99.63044116845384	657.7762557367524	394.66214698931947	32.164822893682825
970	406.22815654536805	815.34574196908	452.9655783914029	39.234236522423004
971	41.38890310966568	232.02399871810377	816.6106320671863	31.15531129885953
972	782.0349752388599	190.3869500064196	414.63661240992525	37.34975821000536
973	34.60323450610544	662.519097850131	709.658264590181	36.158049215460835
974	560.1638987336586	101.40612238285709	616.9332232263416	43.79681882313196
975	209.1860315057121	143.87933254815982	570.4072112559029	47.3029081585412
976	100.6170541487376	593.4339317162797	1070.8261510571997	47.47624555538904
977	253.6108641279592	244.785930492989	218.22728282006454	30.307306319858238
978	747.931008690673	585.0881341504007	79.96357207522232	45.712601533306916
979	674.9667749508519	369.68077743008314	552.8336669383964	35.61277684638181
980	132.4264171659493	316.4900316514543	233.11924589168802	47.36937571697115
981	597.2219251345667	585.0015004216498	165.21619886030498	33.79360327672481
982	426.268525218749	590.6660837780051	456.38705723899506	44.99716343114273
983	428.02652209781627	269.88911643403225	519.3931830276272	43.685469098927925
984	130.9862421436808	830.5118492725891	272.3945566798816	40.23402424427083
985	397.8363391578724	247.8464153506892	312.363598630501	47.18600271763379
986	810.9424810255222	-46.73773237659253	823.0890644005365	46.58508787070572
987	182.97280614927092	497.052621315878	86.73277003154857	46.90480136125926
988	267.088078087242	649.466264954601	946.6237000862636	30.753175883351346
989	527.5923787672249	494.6595087070185	750.1900823472647	38.04510000340058
990	227.4504335295207	294.0004131328188	1055.3149351713512	48.24588725800036
991	606.4888710440246	21.376627996399037	489.0501230090156	36.642821735701446
992	842.0425999094861	60.43738020887545	322.18472201636155	31.52230123553805
993	562.4168761332838	342.24446617563086	841.4377812466652	35.979317981436544
994	-7.271062008770031	377.0246220368985	823.7076539383258	33.292054625885505
995	410.48248352123824	588.878644085608	658.648934908098	31.03680922033088
996	746.1121188839197	101.57892351823315	461.79569936148687	32.81034441997912
997	148.8753399603327	429.341983838873	199.1903745332613	33.619700670227424
998	604.6270975890453	274.3631198211046	62.12015639795918	45.256384525400094
999	897.875205505809	281.9374334913186	431.8820811365872	34.25437395957529
1000	337.2084964510725	849.7886403010067	67.23376522633126	38.81454189108342
1001	138.60593024985855	879.685477626028	908.3059064834755	41.44626087829318
1002	597.0142411586428	323.57540485667005	296.9533469051754	32.42181484623847
1003	610.6536347358395	892.0732017276094	208.70154040493242	40.33122414891977
1004	579.1375826658167	569.5166154341489	-29.490027263722993	34.76717121198925
1005	691.1768752230347	-42.48062607252237	1071.62930444419	46.09601003611303
1006	222.0045309904794	742.4376613121742	916.3786949073477	35.41791000412211
1007	156.96150271501654	116.39872433846043	486.58625239216417	33.090479058910006
1008	412.6344544122548	174.66306999147804	18.212504379747358	42.709030033060984
1009	-47.485133338495494	681.9768943062116	631.2840973242432	36.07769575429677
1010	111.31150392958924	316.7567327218781	-35.40745589122693	41.87232198165171
1011	748.4842100381074	225.15579441438598	380.72803998040956	44.89821703563496
1012	872.134893707141	261.13186634445583	672.0997101390176	39.417942006934766
1013	196.23555305249226	-34.52026874785972	493.2594917140061	34.239886488505256
1014	154.05097054852706	228.49020787054843	1059.6132743916953	33.167672169951445
1015	92.62579667169643	550.7297136042955	391.3432288193835	42.8880396015493
1016	223.82178716667784	149.57381659322022	957.0549167259095	46.46514433544775
1017	623.3128789858301	589.4639101380737	384.0129209226441	37.028181180651025
1018	87.99753777364089	456.9550458896087	1027.5717049147686	45.724619692381516
1019	732.5660182945619	462.6521523766262	100.5542698404326	48.56766425387673
1020	450.31921512091805	428.40139056350677	850.0113950209833	30.508402173869964
1021	100.73631876204902	131.83231768599612	166.09804699318843	46.015957491151696
1022	194.6238802019186	256.52222773578563	800.7812199679021	32.32371675212503
1023	726.8894025605841	123.85820038544864	549.6618271028614	44.080443166205214
1024	735.6515677966629	563.770230245301	951.182087096356	42.64217832278051
1025	493.33578449648724	231.86711276680472	497.0263545512455	39.91005731775826
1026	897.661870718533	888.1692880294758	227.98710854831137	34.00338591607775
1027	-23.08790955421091	585.894849891101	822.6905679757143	34.968610816234936
1028	464.2925722923097	156.98035690591465	1019.4556349405366	30.690909013809183
1029	96.85451157086075	244.8281409274246	842.9224746862926	46.1659983519111
1030	830.3587900873825	96.75350463524688	609.1010997129601	34.52130449270004
1031	491.35016463681416	315.8387076644475	38.18894272440947	42.1187983076634
1032	378.93911779847247	278.78284176183917	424.94767121195406	40.575010039910396
1033	168.63498870533292	521.3308430435344	367.344640421643	36.740849288134285
1034	656.3820702451962	825.2767179676174	858.6647467273895	40.61119553445263
1035	48.734926996061375	861.4524797667292	889.4132179885155	43.69230736686137
1036	759.3506855484976	95.71932617579841	968.125533200438	41.66071088622965
1037	598.7462365108411	199.42470735913457	281.9328542345304	37.69987945465718
1038	149.93170883258935	661.5327124577796	379.9653045464122	34.615271176043464
1039	178.03363484747587	13.232970622318227	1017.3438997475396	37.26295574842843
1040	404.06667092161854	582.7882462008281	181.8789880143014	44.789026766239054
1041	240.58616861590622	473.7786719830957	234.37281968193008	32.25103708225737
1042	639.1171461471097	13.380171218718786	757.092316846631	46.876233538272984
1043	-42.66245315322468	680.4464344954945	252.82524577589737	43.41712508707134
1044	801.5326969413362	48.90340272220399	1004.1297631914276	48.04575911035532
1045	524.697734328204	618.3361255029109	921.3080943741805	41.01662225603096
1046	391.7024116482372	27.915463447921724	65.90198006422754	43.26452727737686
1047	13.497594236037173	324.03568892047997	351.44360372464877	37.142464151045075
1048	832.9493214033886	797.126514804254	262.024395040583	47.34551151711666
1049	660.9256813490732	664.928745120042	708.9061091223879	35.08698909845825
1050	40.019301865115196	890.0913133444285	1026.6098569474455	39.136199652542984
1051	831.3474901901611	664.1650572444981	950.1973938763429	38.548942876776465
1052	26.98313339092917	367.51656385722185	594.1055125640854	36.07208606859346
1053	787.16009952324	420.8642607691132	658.6085984985651	49.326428298097674
1054	831.9614831536002	852.783713521151	745.2886010142829	35.93372782639737
1055	329.6796827563472	721.2652546124372	719.4493211073163	40.43486756742896
1056	267.481611210671	535.8002206590363	330.8615336473661	45.6128850044161
1057	269.5806584148852	206.6072700257984	531.9206759270222	39.47102204294258
1058	853.8761466526652	442.10217176175865	605.428307867956	35.837928616815546
1059	625.4440339078861	530.8599563224486	307.62147439581565	44.04189571829825
1060	575.8780890422919	319.88115504518026	472.8879516013616	40.25612044757339
1061	296.68279999988636	780.1054036580053	687.1354076198502	40.99370190991665
1062	377.22910385572413	-18.667438432677997	454.7489193557667	38.12168448631077
1063	879.813037568188	84.34755593657817	346.25836489928327	38.072795958839905
1064	823.1675765720001	126.31410776743843	1030.888187907381	47.871273375004094
1065	791.7586859561345	406.4993144860711	165.3437997418914	35.46815353592713
1066	165.29114459765646	739.0419385172197	179.03442504752917	40.290542858451715
1067	325.4343372302465	60.25306273992956	392.02013722318935	37.62585227423369
1068	894.8157084289753	394.8387869037419	1042.5605448285105	48.512360980195645
1069	725.6241369244927	476.2197572488669	-37.52061799214795	38.99601830477014
1070	555.0109664562626	-48.091543350600716	892.8044136032648	46.991902978138846
1071	798.5399703506534	371.55699133741996	738.9613648540268	34.97876188490526
1072	771.4233875266863	744.7252857372158	985.3783166063481	48.014521839702866
1073	357.34884158067644	-45.566864875899356	587.105477559611	41.45012492974091
1074	671.1132060419556	491.5916892940322	507.6350936498442	47.735571800706396
1075	281.3267874174009	121.42473005374353	450.6815208060019	39.81645681420666
1076	37.143139986424174	649.6408679253854	380.2339672731903	46.042697433390906
1077	861.9114778754262	180.50126579652337	170.15467047267265	41.476693667224566
1078	444.4916929330706	889.4134273833998	-41.16338526822512	33.92970703522627
1079	155.0714748104876	855.4072164966348	487.07879952215296	42.7814852834323
1080	83.95794990784916	435.270251271711	23.965054695558308	30.754331075780147
1081	74.52050444391571	695.384967087921	203.8405339954423	34.97308522807188
1082	629.1068207057789	735.0861766796412	67.41938159764965	42.25517504174487
1083	257.02892792019514	746.1889965960006	2.6394721514301764	35.6031140726138
1084	471.1771094427811	143.82156974342627	-4.722416093564092	42.49638614236372
1085	207.05476351185115	484.7934923139137	806.4290578463423	37.86719101350882
1086	467.0439116737026	191.86005027202953	592.1923623263602	41.84406686349895
1087	502.96104663507674	281.8754689565702	425.79796281090023	45.63054698441693
1088	139.52869394682193	140.43190621445032	856.4229803538761	40.04453670553027
1089	639.872910339341	400.37283590665885	564.6990711157515	47.12105352689052
1090	304.39960129328085	759.0861312166909	832.8126098386396	32.16610004726163
1091	736.5816239966956	-37.817077735714705	850.4974691572794	32.2515587885537
1092	401.01475635156146	528.5565107948983	454.9549463762886	33.986316691775585
1093	133.32655045655324	835.6381220799059	955.4131023056331	48.41374239729362
1094	359.6571178973477	415.0860498482355	747.2250037559371	41.32238256450211
1095	180.72853762903952	29.60131592798382	937.7533091460284	42.21071795041563
1096	464.4996729541863	569.4870265629492	488.3061915627927	36.9291699828428
1097	452.1399039806012	36.344775757028614	165.93513457260795	45.72682037517134
1098	176.53686536046516	15.204916657777702	365.9769411963472	41.38428030005585
1099	862.8947970848952	485.9174695643716	359.28283057203464	38.90927781071269
1100	844.1461739306417	658.8870889207911	694.4528627364183	33.70653404478517
1101	178.73421044346605	529.2848739909023	898.0330790691992	46.01241866726538
1102	-19.06099916508257	722.714189464052	1036.9740018530117	47.80325827808528
1103	265.5962217034099	497.14657696322945	944.8942186875026	32.445276866292
1104	69.15365634722642	147.18605205861016	12.626841150273208	39.033092729593264
1105	407.4053007277793	396.0614797924676	952.2294392665933	30.661130774815977
1106	321.19197964012335	712.4063041368917	1049.3915368144196	38.31667046700415
1107	733.2412109778305	279.39552005784486	760.3484369095277	40.91417464956437
1108	156.3878659625555	147.10520228604682	451.8566912677367	36.67074613784661
1109	151.23721935452838	817.3156225294982	725.7010811716978	40.30928395276003
1110	646.0749546000942	357.41493211615625	219.01502564294185	35.20152498795889
1111	364.0574664671112	142.95943857999356	855.4679212632703	46.379503774069875
1112	406.082309061919	690.7622676676922	976.0137196278845	45.747666273551545
1113	673.5779924200805	780.3131955745737	93.82794576826208	42.73694630347559
1114	-46.98869371812327	-8.586989516251286	353.90426726731744	46.38232731872199
1115	329.16854022509597	290.10099927646644	597.8218055822107	45.06896839020446
1116	783.6866822106994	103.08025203610924	129.56272620479606	37.01901061070811
1117	869.2688209745287	362.26178965407195	167.75408223665164	34.58431833070488
1118	561.824420592688	446.5786540607294	-12.873368629546853	38.09841271417062
1119	357.3518916580286	145.7808730776968	443.3446713783953	38.52982256798564
1120	128.7585693299666	24.25157130467376	135.3059153895413	39.53449987772368
1121	43.842465125921436	331.8959323084533	466.42650076299606	35.55568853806962
1122	717.9937418695235	137.56003909881812	333.2579381336708	48.33111937714441
1123	106.70515799021067	387.33531450716856	197.03764882153658	38.51014629714062
1124	277.3699330507237	751.5731667730804	776.8304368759568	40.712930442944035
1125	197.70175660644782	865.9960871787771	659.1867175180042	33.02264966726005
1126	529.9937354949689	415.7552580380561	272.79651009577566	37.29870025659678
1127	27.535821121399877	384.03480219964126	762.1489406874875	40.022371744034075
1128	847.9092660469745	463.5802835429886	266.03040493006307	39.67528735025951
1129	246.23003771004335	396.3543306051067	34.41292935767203	34.73877151635978
1130	166.65918994432872	58.893195559592726	882.3991373379454	44.88725379582502
1131	507.8568171363795	124.24562264975361	616.7499508972825	30.88196870975572
1132	721.6713139801346	-8.291129256179445	83.82315101016738	41.80778205754558
1133	746.0502024886401	228.38407709866868	1002.7807748248802	43.70909199408571
1134	139.6953150787735	-25.35363102057073	161.30457150377728	43.957066890024805
1135	852.0583954394634	630.3961471998597	109.2277157631986	40.70738624002527
1136	516.725025135623	710.6486260492833	683.4177123960997	32.0162860599969
1137	418.53413422883585	100.69490425041613	614.7030318256503	35.387271129429536
1138	477.074846215203	195.97569090809307	896.9260010755181	33.75350731475154
1139	524.2581238417457	40.59568480574471	652.6522886229569	48.69327897739695
1140	854.8608847645982	249.60506251378968	57.902385950807556	34.53036105965871
1141	458.24550181874883	-25.841317060333736	735.8053565973355	42.190523968609114
1142	341.22623353784314	209.78764782488463	1057.713105705082	38.79321278012745
1143	224.17402813706775	256.93373924809237	768.803318417721	38.59352241973163
1144	449.825524767088	225.67337308896902	444.4767415252179	42.55123347301685
1145	632.5690383603264	-6.448111632001471	608.044567800752	49.09578534645267
1146	46.402699454744905	40.197817718073125	313.40638458409086	34.350943412077655
1147	88.65983067061947	687.3018041168297	507.56687040399197	36.56919108920233
1148	357.17280002382586	647.563416094804	1076.0313974872654	34.62479125608066
1149	755.41791626405	662.6111520389996	189.4405164804115	34.000115169788636
1150	51.8566840544656	398.63630222618565	882.9804333255552	38.59876167727748
1151	134.629578706923	305.24196522989007	1047.712399690615	44.43512828264117
1152	349.1199493642661	857.4871976276166	455.79782394454827	32.66031827330796
1153	356.561152643075	-14.088852766542544	665.9245809074894	34.72976856771653
1154	730.2919959816537	729.5398068753301	122.47705809266421	37.390458483530054
1155	600.4258592112715	180.55421794640364	927.0889837834252	35.35238093321026
1156	788.2320352720716	849.0580236490697	744.9679859718315	47.257955091862314
1157	96.94171648852799	730.6977291686762	503.6915434505279	32.33965266658127
1158	677.6351859938907	866.6555978164116	873.5770024154242	31.240088303879354
1159	713.3272488154519	176.90958551945945	456.05847769190785	32.18510180017437
1160	466.4013007384783	498.07241394275445	372.073454675585	48.64259637971239
1161	735.560674888975	113.82467392255546	761.9849434363679	44.68982906090839
1162	469.1707792606369	330.63955746823586	619.6978544986158	41.54953816334363
1163	328.36397370198836	451.85105646093416	69.07658106984096	31.20464270622398
1164	809.5682006659622	412.53165643530167	649.1846831734373	33.25450087472516
1165	532.1724736009563	479.4514917019907	867.484217363127	47.30735022348294
1166	473.9427899810927	776.5916819120615	28.44801329862274	38.19373996817801
1167	596.6303458801232	89.48133537027917	769.7639475394262	35.66742182422154
1168	45.88086785263957	364.91453361046405	-7.356701607215001	33.20049084082861
1169	865.6544284827195	241.59091745632952	470.88496235146704	49.06399583873008
1170	778.879980946101	306.1479684661256	363.99452980803295	34.637235202491425
1171	194.1903199580382	-33.0236531917389	189.2242478950734	44.232547700624444
1172	425.7797057602075	855.6087286809365	404.343466955096	49.38214751789492
1173	326.1826775002751	638.6059807925311	829.9601687079904	38.01010206656258
1174	564.3972922026461	639.9211221622213	415.55862716583886	32.39115543695166
1175	238.1828279991173	57.303506105750884	942.25034925168	44.06945870276371
1176	453.85418913783394	484.62432643067393	-17.171392502675843	30.428678390356446
1177	618.7685028728213	225.6035624975559	475.34752236107056	34.28751454207798
1178	-22.534844985953416	631.2419831446194	456.1503011599889	45.63267025828134
1179	868.2946507900791	314.9614444382624	1063.807733818973	32.303649276022774
1180	136.09616251880385	450.8933906685763	911.4526683169215	32.28153174342333
1181	766.8062171408907	-37.189882793045506	339.8833869850027	48.80659790049687
1182	627.941532738842	833.3286642111136	909.7209418109976	34.230411182670224
1183	864.1364755633729	157.64529952854375	883.0988344793608	43.20743455003877
1184	98.76568378253603	123.89110161431327	1048.5004449679498	43.464017231985395
1185	816.0233091023682	79.32093333435765	992.6060741764215	47.20672683176401
1186	326.3373492824428	70.51830057572326	534.4052039224566	32.30462882519481
1187	455.69916412148984	762.2377094491698	459.06231250479374	40.147521549087635
1188	752.9975908784976	488.3607116158581	1070.5910537359396	32.093926470710045
1189	413.50886323254093	839.7438983101512	912.3488819606396	34.75956245713807
1190	526.2703189706875	108.69114399031562	943.4837534722865	38.20425617178996
1191	73.78887801216308	629.0408313247029	122.39890870970422	35.960252753206014
1192	875.7669773548173	564.1882312907547	181.69401345857065	36.09471149939203
1193	546.9904759501579	726.79326062836	11.927956681114779	39.26454930671288
1194	473.77595302425914	722.8876117188483	562.84622739829	33.175294402066676
1195	-13.347388937547336	359.5776835649024	942.7696429535598	44.380216154717175
1196	610.3133721231607	665.006058235905	112.67345950024813	43.38577537199724
1197	36.77463818952157	296.54485916661474	382.65110179676753	46.04445062530428
1198	735.2330803840764	832.4824018430035	878.0572463485722	47.15585930189371
1199	-19.20012306948835	480.02878195263804	564.4713821481909	36.64700204648139
1200	653.2377760450444	-43.91938770041774	369.8665260511641	30.91821224213338
1201	81.35799930511996	608.488672107339	591.2133606591077	46.84543478949755
1202	313.80474779103133	174.18228702037567	208.6027188483376	35.59033946776925
1203	323.1164115800493	585.1780247755989	736.0581963088988	39.89413871502132
1204	54.138807575313464	838.484152641724	1058.5963028150738	40.61837908870106
1205	46.134494351026305	323.41986541259615	-15.272970006716683	47.758783653911756
1206	552.9422156557797	836.420836943833	1001.6665432065149	48.10998918397643
1207	797.397244651838	394.76816029984275	572.5413143468363	30.060541336430763
1208	280.3734897715055	654.1735379869391	40.021738780463906	33.25935961642277
1209	436.0157512379755	522.0704172919397	-24.24146907365198	30.233992089946412
1210	663.9172158439735	435.0472082914552	427.93723856498366	41.39617004843505
1211	182.71153267217306	256.85869721663477	346.3301441634071	30.82505711943258
1212	204.24750853209216	566.3404918613961	789.6203333464949	35.83009961842286
1213	517.2595210870223	57.47329091302002	716.3290839101456	47.69315156046245
1214	439.3163546885674	726.5309327763619	666.2601687809845	36.442300811243506
1215	92.62458631698408	259.9531794452438	958.9076888969086	38.34473637607493
1216	621.0387179921066	44.96388823134073	469.32875086880927	47.775548736568425
1217	528.0875343153976	510.91724243666283	192.031755622634	40.03955895937242
1218	26.65879999309034	120.29059024568105	517.2677759130793	48.95523498324205
1219	75.62754808734311	-35.46095753616506	280.5800995421349	40.730196291683214
1220	87.70548094373075	530.5181344679877	407.43894925764175	47.79500264844478
1221	233.57169749017413	724.831917013377	852.8445581868796	42.16057807276734
1222	332.932445698439	225.83058080850998	73.1831018815771	37.40226744434675
1223	81.54055590456724	839.5353228729545	244.41190013024158	41.88102337803759
1224	34.945717227174114	789.6317132437398	820.4574512887101	48.376952458523064
1225	384.1941436506934	48.91585015028993	880.5136206886224	44.60457448580199
1226	853.9946016567787	379.48307305762575	338.5717535218798	41.222968568070264
1227	4.612548757669089	272.7091659502897	865.9105752012256	46.7628096679323
1228	362.27098720794464	709.4847495927304	608.4803196525737	45.244652520255286
1229	709.3295414340886	614.6339833818213	-26.435155374308714	48.952915638262596
1230	148.92240428660818	876.0172746094204	240.60328709276223	49.101549684530525
1231	93.01413814573917	149.57536682842093	492.6426129895656	45.84220529812323
1232	147.76214556985477	391.0211616596469	519.4649274649157	38.71904811898773
1233	450.25324282162666	356.66466966899134	6.947118740581807	45.603633730632176
1234	672.3043370899264	696.6561634597693	101.9905295332131	40.09426544114216
1235	463.0574157710565	226.37949469243176	831.3547042019669	35.93686262544309
1236	818.6455680236628	249.6265265174062	1062.0522781071786	47.387116552940185
1237	564.0690203216013	733.7277919371904	172.3872994467727	43.00037994993535
1238	27.18440615068215	534.9910462205413	23.644577714263647	33.76138911725706
1239	829.2333126248565	808.1453286828054	105.38140662881835	45.77589356162264
1240	684.8953381208427	447.36246106069007	942.5090690479456	38.19871615564921
1241	308.40304632685695	16.494151543134862	235.96385061533	37.88768423237723
1242	95.8447929822187	558.9243176217255	809.1781279977	40.872808879008915
1243	242.92099624542425	376.6320043302354	935.5989281043837	43.54987829578972
1244	156.79266548673613	670.2625434519761	900.7057629103596	43.93862249417852
1245	397.3597704510808	409.2308591455766	1003.006016810391	37.49425782395795
1246	479.042592237504	395.87693027860945	606.0974407547895	46.435044510646506
1247	-45.89204847285011	672.6343692393971	115.64855174117153	37.449742624175755
1248	548.9881160779463	624.9259152840756	432.54509348222876	38.86485400492351
1249	548.4667780937244	186.3014598985339	249.57084348858336	35.916867285749426
1250	4.151284207526821	161.02250884607997	879.4577117623027	31.153197883644676
1251	-2.935229276250091	-45.95530018498963	289.741587724475	31.53735488469181
1252	541.2903665560036	117.05681063839154	745.0265499575721	46.87530573803604
1253	-43.11537812160406	719.7505072289852	280.2190565335908	49.55582460562108
1254	898.8782250371501	194.73296363334936	166.38956484244642	42.39552268683887
1255	623.3480517733229	510.6721952125745	714.9544040357206	31.501206856182787
1256	645.9930217258095	80.92734099276555	388.79868571730617	42.40933447072197
1257	596.6228535959704	502.35022953752787	647.1732887402242	38.19024593911817
1258	253.65445420502118	284.2369213658172	770.5892243959497	40.45555148752241
1259	638.687050387436	890.5667777469702	366.4398299173254	43.5652754451137
1260	807.4036019250354	245.56847148679594	973.3743025422167	33.53102679746709
1261	717.9261832778385	426.1074311415661	928.5204634558149	36.37164116948484
1262	316.3940691441472	869.1634051289357	377.4677009680668	35.526707782679885
1263	484.74199222704897	358.7122052476979	-45.55775110691163	36.62654279193723
1264	598.8947840857411	101.00008885867848	810.3070548292948	46.00122767097088
1265	196.25321323521425	716.3317455423716	270.9396351189733	34.64037606790024
1266	48.29179474391306	248.5309023502012	40.954840692564304	32.63979802473726
1267	628.9293989567685	314.51559789112565	604.8645219951475	33.35102404736091
1268	654.9955334706732	-28.23321965068629	1060.2253680091965	33.9741665583455
# EOF