# version 1.2
#
# Settings
# volume density = 0.3
# image size = [ 850  850 1030]
# particle shape = Sphere
# particle parameters = [[30. 50.]; [ 0.  0.]; [ 0.  0.]]
# particle distribution = Uniform
# orientation = Fixed
# orientation parameters = [0. 0. 0.]
# edge treatment = Plus Sampling
# inverted = False
#
# Number of Spheres, Cylinders, Cubes
1265
0
0
# Sphere
0	762.3095604669594	28.017638918535837	1050.3496219191218	35.74062136249226
1	895.7318746514062	504.0685196288538	351.98009006997603	35.88822151368611
2	465.3086932209492	432.49327068764205	455.86118172522436	49.139751575981705
3	390.6872221232568	855.9598648967825	523.9702589714358	33.312333679315614
4	156.7630370614537	667.9162580135616	91.89976409275496	45.71271844737741
5	240.74736811032108	530.8840383852851	17.53872501113065	42.33614012349781
6	660.52213381037	337.6998495436798	-14.891136965269624	48.114771311033124
7	872.8631772620998	12.588074429189824	363.6481956394681	43.258568709773726
8	665.3600618683656	266.9555929889163	208.2031369344055	35.521708827292585
9	185.6744936613648	805.5348357883843	559.8491273951656	33.59506303978626
10	517.9860745496626	818.9285513819245	712.5910034405364	38.11636627607485
11	53.85948939328415	741.2268090217149	974.0129505693496	46.09060887888722
12	488.4358953498363	145.27434321742373	61.041473591603975	39.53158549407978
13	739.0209688017699	15.464622532598042	219.9502887561282	33.33525890157182
14	249.05591248077002	59.98707057492423	718.3219740344357	40.51667444811257
15	780.0696359893701	222.6224779232856	683.6125201889572	36.2531900466835
16	223.49554687784865	721.880144578545	421.41795106064814	41.09772082965213
17	562.1942332181651	405.5446496835482	993.4249323584716	39.52872882080794
18	438.77974765046577	438.896400591621	206.96414683370006	40.97845366477346
19	98.26241509901291	489.4759336984158	895.6131883068257	35.39679793111447
20	46.63516868498073	105.51595868280663	456.3300612370741	41.74306545755683
21	653.9624793919543	114.48237363857487	647.8957717872389	44.53894056337529
22	490.6025753538672	724.2232157376721	1011.658291717732	42.721581608242545
23	9.283708973124789	256.7599593330049	994.3718906690222	46.51708435844275
24	606.7004428263732	349.07038658989694	460.46659903164414	37.01861174306569
25	214.58756510821115	-27.092022425786446	507.53874984512254	30.7034292582392
26	475.11360648145194	738.3741819241567	456.0177767067647	46.89098135657349
27	890.2687245731327	267.3336409691155	967.8198085331314	34.621553095041776
28	594.5469646246172	595.4031181846138	51.27640842365696	43.29543635761092
29	279.21254751627333	278.12652678963326	-29.224147143871647	35.43816953055895
30	-20.011468324052288	130.2057752270234	1010.0961840189802	30.59654271866817
31	128.50043603260602	618.9282145762991	-24.66189995947675	36.87016730572721
32	625.8965807136238	479.61267232596515	872.9779251033733	40.28361532170234
33	10.384116751009472	139.0935717693317	124.63238726011471	49.230379123233064
34	438.24442386358277	42.22213420651052	759.2504023306752	43.58700748426435
35	116.85180681584686	312.2930024121877	952.3719903899747	47.57037159196301
36	405.0960469032038	17.83053701406621	16.623028155942762	33.85615860372962
37	184.86813676119738	84.15953477366432	773.3027373803271	33.27084488770301
38	474.6025900205101	762.3361229124712	940.4570241828665	34.7065119130683
39	541.8746496175879	174.69434497145448	172.57471254835247	31.31035039627173
40	251.86840514744716	414.5970997307284	22.671397756050737	41.47326096669427
41	66.1752674845946	786.2109309200067	722.8040171629347	45.22720358102105
42	718.1603418221291	310.5786573235245	713.5748152187246	43.46303659872859
43	137.56229986400592	292.025783685179	750.1356324304501	41.80120454098154
44	686.1640390818301	369.20325943890896	45.146247232988685	31.465686696244692
45	619.8523746672444	43.75418163871467	487.5525630713363	37.120215298551834
46	818.0531067365031	308.01568978678375	176.48950113549006	42.19443841165082
47	78.96068621597462	851.9426066996142	242.4677818188909	30.003588096279955
48	72.53426144580035	592.3064935175602	278.9783370882843	42.280708828782
49	243.1743291812249	301.62505756870115	343.4399491158856	37.2698912140972
50	478.80008072583223	674.5138987024729	847.3994990963747	46.361267265209875
51	-44.59193300794939	412.3070290896233	13.429055136703589	34.58509993759884
52	627.4592688949685	702.2710001184944	294.0955783410925	39.704363226534696
53	13.310999805731647	472.5066405430978	923.8890243832491	37.02536587069714
54	657.0562053583272	455.0372669894196	48.775831669443946	49.26248261024547
55	640.8515953085022	102.61194571945686	455.2027884517177	34.561280106785
56	827.3669654695016	736.7840575720153	279.11968404454836	39.82280978956526
57	119.16405956505162	340.3190106722194	175.0369954707297	30.869273138614467
58	619.6749346783093	523.4464287792068	358.5090278788304	48.83592742411794
59	302.6132945330737	652.6328640558927	-25.140626631515445	43.58516260555773
60	176.99106056444134	558.9304857042276	112.15682819761983	30.719552187100057
61	882.0146602281179	663.556179500013	606.6995420704234	33.062082888806
62	471.9576297695463	805.593768255042	882.3892264430364	38.334725115042815
63	890.9552231228821	891.018872065238	848.8752691474967	41.78369191878372
64	773.9438533848554	848.273340738787	712.9876479126624	33.49235941003246
65	843.9959504584876	-23.94467205806815	736.2787507921818	43.88749625205063
66	34.29644613958595	429.5920481230786	179.8336008171828	33.73523404755346
67	434.72471663957276	165.3668130377099	228.32459325824618	43.38180741703482
68	397.2926315598345	-26.311013584380554	980.1811169842997	47.555992153182046
69	701.9516285110329	187.8941437256147	466.2243818730627	35.913368715608925
70	241.4893445439984	240.3998279946399	-37.96742042472312	31.96371698847992
71	454.09984372980983	392.2661084552206	779.8949889191157	32.9192750789189
72	462.4507268625064	-11.05458428684691	1017.7250587084297	41.520827574094916
73	74.35212920880124	193.62150977885022	472.3776017602431	42.24455620709454
74	725.4565043287063	395.3995179641199	16.348751310267176	40.29727014197178
75	93.2713440179516	170.97277986799844	37.34744867824561	45.86655277143322
76	191.86325538237915	584.1455892917894	389.09686379127584	46.249998952477526
77	850.634983786648	477.77985255577437	168.86716584584042	46.89585803024873
78	671.8356967415715	616.2375736554653	1043.507017475287	44.89882987084593
79	122.42213211385967	155.2592092862703	712.1646128408833	36.00922975282996
80	716.6312989280797	-39.283278921698454	178.22606168092847	35.78305271042976
81	119.96008541121398	854.440244071459	350.8213094569162	38.999073511446795
82	40.75450959620488	623.8462204752103	916.4243030259598	46.364106632883846
83	742.4105251565828	371.1297343449852	587.2329516064198	38.14585429052904
84	706.7554494384427	317.4939046683881	1031.6973117022226	49.04596274719012
85	834.1289598828147	681.9942931385647	98.21369627336696	47.215177763186794
86	179.02971399886752	865.9847353455542	197.45141294709683	33.33851642336005
87	773.5697121534856	506.25179061832046	769.3175594815531	44.03404492511619
88	117.47566499032337	420.70374685738983	-45.345362743863504	48.68993503417565
89	595.6273584107604	892.3324534863879	627.0121506886159	47.497867292855474
90	385.819082781447	624.6225303366838	775.9540374556141	35.661966929196936
91	257.00292859678757	640.8859459649437	338.6678161674583	47.74431746577199
92	679.5400919570418	892.6629559536065	577.0712248401979	46.949379731142
93	799.5680176415142	879.8453760215692	128.82267927399437	46.30717632466754
94	692.8629549348251	123.38323195439315	206.97603449588132	30.163609845413387
95	630.4817278025437	-6.250853409582348	353.9230666771663	44.214746736222864
96	68.9898493956359	494.90644690495253	205.50651177578547	31.044583929242727
97	20.50016111348333	150.06647205460837	658.1017481193892	48.75186121301826
98	412.4502665786532	761.6954830427329	582.0105356398087	40.02455540029614
99	142.7486706197501	819.7714493986356	617.9977735575889	34.65206134696991
100	507.5464180826816	-22.884188670921116	34.23521431013417	33.92007820180402
101	155.00718436214692	591.3253605143447	768.72291635027	41.453306451439936
102	350.7356658969183	622.574587491612	927.4264096732031	31.617435574433298
103	727.5357925689457	118.53385863021842	690.9240915420205	39.33763048539803
104	548.8692644591225	404.0703391170042	-28.984602559199047	33.23645101674869
105	482.6285169805815	467.0937582027151	516.8660181482414	39.49743981351803
106	809.8647765484626	508.1548976942498	76.5332241310672	41.5751823559613
107	781.7960141969065	47.25080703909664	489.5680627298484	46.71204772614476
108	702.8738459600082	599.2711340714285	606.4009863569485	37.334617737868555
109	751.4457111794468	459.60352273528633	1022.8646721401019	44.13402836648465
110	-11.875094183340813	423.94264709548213	346.70791828518145	35.590792638719364
111	761.2848679585808	596.307795751182	605.36167850263	47.19093596161284
112	533.8248787957133	786.299421133964	555.2351734815627	34.48372267346865
113	297.50914140346697	117.10333940966157	240.1388258577303	36.96154617231322
114	755.3054503427252	855.3576932869153	583.8093318137749	36.32615962767113
115	866.225290815101	289.7183857655832	944.4093376850736	36.65227026523803
116	279.8919601258567	178.92818779119753	-5.819956928413369	39.636086601700335
117	86.02752608020467	-38.36959099982222	217.03204303033237	48.61737093752211
118	455.84078310048693	257.1177722104821	288.6044442895882	32.93924990504843
119	880.6298857682423	661.4689581337797	555.059038122014	30.48394620638376
120	415.6256015844678	544.2572417880508	1056.4467750082235	32.18267553124477
121	489.1692578527749	474.9752667531276	976.3700043995432	33.8092267617941
122	584.7906346233997	695.4433394598187	366.4889844620467	46.31460131102363
123	131.131982170495	427.05713298150533	832.8843246299721	41.5438568905894
124	95.96914140545007	866.1730265999572	538.8628523420721	42.28126144897837
125	746.6493291917998	423.70199674123336	643.4355764682379	44.08366878634921
126	598.736329435465	343.48159164492665	277.48630052565187	41.34914716043716
127	136.9683068674226	871.7375240923919	323.4520014998709	38.65052024013735
128	545.2154530174121	816.4467565505552	24.337136759677804	36.55934888831541
129	81.21924189376531	778.6240406968611	152.51565793017528	41.55437432943419
130	386.589569039783	407.6492176977399	366.1438888642834	34.540656041178586
131	491.6385298777793	857.0056247633339	114.02395470653184	35.276322201773176
132	371.79601057716235	244.195993270643	173.7890306333674	46.25006152254263
133	84.29789038932529	376.7199406885359	953.9100656833294	47.115954131716734
134	23.662181903612932	274.4305651766339	1045.0337925964195	32.728764825686504
135	462.6144252016844	303.2958344491558	683.2690826876728	31.535981146839582
136	293.6617217283736	228.73709013780615	276.4257997249742	41.30738471033142
137	845.0163360884362	720.0238409621443	919.5747006086814	39.5799865278596
138	828.6471483574128	869.8442778643006	747.7039606202121	46.303545984084735
139	867.0560517445224	383.73491190590306	432.8867625967988	35.246333602897344
140	541.5615880829566	328.24289571068704	609.9226999783347	41.926092924015165
141	695.7606912437761	261.2854819769649	325.62881310316743	45.66307391875011
142	444.0066012887369	758.3582645444302	1035.2737536191162	44.034202687148316
143	309.00183031737686	192.11465067156865	1012.9375896083841	30.420880794717963
144	834.9515539398866	158.2720030118916	561.4762722463702	45.0796384676928
145	507.2195574933063	165.30074014933336	419.8676590939017	43.06647882793835
146	875.4871994146381	638.0763818266113	41.2444018469118	36.61169801036196
147	305.2220824724345	545.8538776449884	-33.10747678341916	43.14012214060324
148	157.9509839942223	603.9691375124305	1018.1939845676486	35.33521428480387
149	39.09543216428149	214.8474989294843	855.7075425377006	30.46281453112042
150	798.6912778584391	713.604833232724	57.27122879129708	48.98597195902639
151	796.7750221509359	503.94809172485316	153.41909221614034	39.93626656946657
152	517.7301166222694	171.73619859401512	264.917911539817	46.09468116844553
153	437.0607966306023	820.1242106188713	846.0607657581854	35.46986063512496
154	856.4860187289356	752.3188141429001	337.64195366999735	38.18500543604327
155	863.2787790636141	483.7125557613117	224.65345865142388	39.84391066588834
156	588.1024032240908	526.8269000005888	609.6904118079501	41.134763854996635
157	159.67850628073793	201.45387552190724	115.0641579108786	32.85303101378298
158	659.7883736194112	6.373921104411828	369.73132462183463	34.396363850412214
159	616.1174258725152	90.84308038966947	565.2862383423633	32.30215056766315
160	-34.51122876886101	103.18933057332853	85.03825676494495	47.76668706870298
161	642.6346804584225	824.7061853557075	802.7414480014435	38.76155193757052
162	860.0752888891276	562.7282946192623	920.7011703917078	48.39285666435588
163	-40.33007701328469	748.9363220655448	90.70048733297665	30.46064637245488
164	634.3260232786125	262.4095479931039	645.8258294182125	47.65940229809148
165	662.1510926904853	248.47097341097958	128.70606509985527	46.02687905070834
166	198.81338465260194	738.5231807992732	435.45511520683255	36.134395908740196
167	449.4148241344406	867.9842581709669	751.1630191505395	35.962887660320916
168	683.2120340135381	515.3478197941115	971.7044622373445	33.377998981411785
169	-2.7706311070813	389.82391615069236	220.63541562486046	38.58512123293874
170	528.0690462199346	342.46824530987266	724.3764803846065	42.140137334924674
171	91.61987590354784	318.94152453118073	28.8060072911816	43.291716630999865
172	310.8532449276942	-45.997958573221865	342.9755070975229	42.95415384872543
173	645.6801119559065	283.74301611919276	392.6525834882813	35.372160955747866
174	698.2312108687494	322.1404889880315	188.23234374791136	49.800450011524816
175	488.7913453577272	264.96896879631385	731.9863421216186	42.52431412515104
176	334.60986216174757	78.59795728611616	637.1868671968163	39.051996193579605
177	887.9095042328454	503.0916500596435	983.2690130713254	47.81084186668892
178	99.04143909496025	376.44524619116874	511.55996827806064	45.60697110020051
179	272.06933077445274	472.9146389571582	676.1749096311465	48.918694011495845
180	204.44406111106127	720.2866769807595	371.5823335318024	39.0590415638999
181	262.50146982773873	433.07214746962796	265.59368013664294	34.93624894764381
182	686.1402814109898	563.6876516144234	304.88208109533065	37.68167232992892
183	446.73259360470377	629.0239975513517	920.9793081136997	46.62763985193193
184	590.0485457114984	467.17590517182236	198.49014443496313	35.42883586924292
185	465.3555669006838	751.2278250844504	809.9129462216749	41.125480106454205
186	801.5579748929608	237.53513980538173	873.828454650909	47.35974901506006
187	143.16953380773424	356.12383746529684	415.6131821666522	30.010281473916947
188	297.3454913833184	237.1672032038271	316.79618901508957	39.783517905910664
189	102.15070037465551	24.66475742703379	818.2211850027362	38.4196262358724
190	778.1013271362945	440.58875538804784	86.17007341230223	45.0304706095669
191	125.69879429559717	407.84783386474805	231.83273251091202	49.5388903144122
192	297.0731907044679	426.943201610504	357.823592329745	31.887074989354733
193	476.4487605430346	300.5529617657793	304.13972706205976	38.95028519011427
194	723.1773396472865	80.38503579092696	164.30978494432986	47.911990559528824
195	526.671419045429	137.77887338764856	927.5540149820818	40.521310059194306
196	640.6883497146127	73.93310464626344	133.10255216082945	46.05891811878796
197	364.0479774613598	814.7744593512864	843.5382729771808	30.547551615650505
198	-9.09410739438664	380.052182148452	22.747636561608005	47.764169210127136
199	861.5711262055814	861.4056476073987	92.94849090991823	40.373404916351106
200	572.1876294705714	547.4491728261825	708.1346104999418	39.84047914794069
201	117.05393629307662	720.9271578222368	1006.4437187939084	32.99904876301696
202	631.034372843754	388.77969655353553	1052.2028966313803	37.746173665228426
203	810.9170240478193	311.79409047023495	143.4692126363046	49.870649097949794
204	424.8345508023844	309.66190989100977	429.998725601625	43.84817182870246
205	736.6945756165268	94.68351599102601	67.37196300258594	31.77069310586966
206	433.3168010216591	535.6741571925813	418.2756393379386	42.101606619814845
207	464.85352697643475	181.93208801530213	162.2485042383113	31.799294995332676
208	878.4566554725698	36.673905329740734	300.9065502378688	38.0533582701277
209	253.33979137254693	532.8339559214619	261.9526308044915	48.978747018429864
210	157.32528003780962	815.0388899372083	293.85040692224	42.92895888877627
211	366.30412643640744	72.50422442480257	219.0905941577911	44.82454566792416
212	83.5281415937668	318.41129978401125	810.7803273732384	39.989734766576404
213	560.3555605051035	255.37123517580994	549.2437865024625	48.07871610138478
214	527.829003727927	201.80848390981836	684.7711009853012	36.54891327749628
215	387.48918567429314	-38.84119680898426	694.2025730784449	34.91674677145375
216	340.47180173890064	429.9346430318582	348.366227066009	39.16318288422714
217	890.5945422559384	277.52798471230113	660.7965178809676	37.72998044329935
218	689.141187971282	728.5659775919852	349.33331740176436	42.019463339905634
219	448.78285206059667	135.30321576980697	882.7989100766184	30.095466686145176
220	165.86290043448219	254.70884160079362	1052.7368125240935	30.679411127418597
221	543.315406804312	335.1668012392256	862.4034459726622	42.75775179536266
222	135.01258458554807	61.51994836915266	659.6927975527943	38.839501164011054
223	374.8417209369365	399.8342670432041	545.9611845113222	47.865337997289515
224	594.4771002701032	583.3154783786106	427.9260977008101	41.05120660316216
225	625.2083349035389	160.05242454332233	1062.1593916629997	33.56024156110614
226	446.3682916501423	105.35237977294275	841.505288286144	48.11695150543461
227	101.80218464401727	122.97364248251364	224.57029456620467	47.90304031080264
228	705.458200705927	263.69431014489106	483.6863992069834	34.92821198996508
229	560.1590018281229	133.41560695308854	550.6627415217209	39.45104989783796
230	128.72021370622434	600.2852751408883	220.9369889383463	42.22113690146939
231	-28.583206912842805	547.8349174798171	684.5155178567666	32.70401932541818
232	354.12259983952003	811.3349797897561	294.685722038666	44.57220942099282
233	718.4702589697121	302.6673955794252	655.6518591582895	33.22288949311473
234	370.9320238716455	-33.738530461950894	103.8952246434265	47.333269706151974
235	584.8713178273847	175.4540915998628	996.9071453801562	45.86291514597325
236	279.946779942616	150.39737756165624	740.6934218599117	30.58724670020442
237	392.9967336907363	374.83528703718633	819.700928044531	44.31898343274621
238	359.7465023424797	828.5815557361752	395.5375837477425	30.37755592270589
239	215.76803370891514	593.7818374704575	271.4308058538544	44.790474029483676
240	-36.01300505523221	591.3926167303747	350.37242090194127	40.647772266193144
241	25.527324221809124	103.79754079276694	997.6615774157972	44.1664573277361
242	543.9535404686756	452.26554708558797	237.4611697242358	49.36262026809345
243	2.9830397697331392	617.5902645397364	402.4530069454808	48.31204316938973
244	622.7880161148973	186.2415241606222	841.485567861152	44.75822487424576
245	502.34427161160784	528.3477360653973	27.786270453563432	36.38321158627332
246	359.5374221235913	492.9597933170727	858.0033834248247	42.24184953846992
247	336.2108684869891	331.0240669662689	484.41339967632314	44.414092484210116
248	782.7196038451164	441.23389131833176	259.1575339264472	40.906149831558565
249	230.6027126979679	512.1632447105825	-26.040636958899253	45.672363414202636
250	505.9183949714063	174.78557108901668	928.2532589023334	44.75909325972013
251	-2.6666129003353305	24.76233650509087	576.6601072001852	32.715638678368386
252	286.6514915574571	92.86672092399664	1034.0399323910156	34.99297738167101
253	866.3702463209004	213.38453900911452	654.608171586947	30.19241720053969
254	51.56750965418084	68.3217349271246	616.2249846157338	47.62585376609328
255	261.60444988092496	321.6556404686979	690.9234086463284	32.477090359561764
256	780.9561665809459	-31.458419314336748	576.1579595734986	31.983958746158237
257	-28.146435887288565	358.6621024603847	200.54425578822602	40.60037593937552
258	-46.286192853025206	39.61142813349463	721.4948033304743	49.34125296370319
259	63.52837726846319	499.4494679701046	686.1132962614274	45.74680543043814
260	-1.5843853623942223	119.06250341899022	212.10809928062247	32.217657604179564
261	827.7260585936591	353.19691402297013	353.44092152898077	45.51356269171657
262	613.1170522121065	759.2842553791475	95.05286131344056	41.84720599508906
263	191.04823494313706	383.22205639213064	145.81623126605572	47.05478798469612
264	865.676230268714	72.4702593482413	234.59535626302494	42.5950689249707
265	593.2312945357446	568.208087269467	294.8892607916423	37.519594854944195
266	304.5448895359544	156.09496864234907	656.1012391624683	45.45421016771475
267	142.38361213500718	880.522257446751	840.7517666750263	42.17825846493316
268	328.5711876091451	377.1510236859435	827.7101505474328	47.886176001843424
269	298.80252643146906	242.8403300257965	497.66814317876015	40.67856536764458
270	345.3414890727632	173.88684164289288	4.853264267145988	47.32600385970915
271	681.9569285459022	574.824376301569	365.63171690010364	38.28164846737923
272	257.5190957548203	836.2735534658273	245.87519410734706	39.94909876926137
273	113.74531379206607	238.9163632485072	707.5785485131079	34.35236758697121
274	67.46876302193489	409.4620885272535	322.82629321446797	37.64291398331666
275	379.0894499889904	891.7078755178775	267.18548815676735	33.549473182874095
276	452.89838728245263	452.4496801028088	567.7334982469753	45.04675226513717
277	333.7080328863721	67.13121178967589	135.3134138822883	33.39092806032668
278	-24.695470596142595	233.27806219835173	951.2949436196825	45.14266400792076
279	333.83592434105157	287.5146280566302	419.8463224519128	33.574368235064334
280	535.202844078361	720.6837782481815	326.6293695575467	33.5241211102498
281	731.4050226624023	373.9678543091661	493.4081777861976	38.09644943881864
282	575.1438986091792	634.9330966236412	80.61331949602555	34.98752470388559
283	60.504952755502345	403.9137252931166	583.8562390022951	44.63740417258013
284	765.5505004616365	468.56221885997866	1023.466160587798	32.302467194744736
285	264.3872890535025	493.6544741295311	7.076580987780716	38.33695077885089
286	617.5409563069538	402.4417135063563	789.0398106686324	45.135375086712
287	624.0461577297012	279.24443723899486	72.82666586751309	37.311971037988194
288	45.296155908008515	859.4198977593436	190.25489777836822	48.36393110825203
289	211.251443068348	77.47432950421732	152.29907064373245	33.646966713897264
290	153.79545453438408	754.0922975787881	444.5927174108894	48.79707542555139
291	741.7335292890752	534.7546212273071	79.52354854641999	39.839362079033364
292	435.36081929634963	403.35634211473416	252.4308514498755	42.46153543498313
293	858.8563429843068	-22.224496222580296	614.6460136058969	35.25744364199599
294	330.2351562355106	816.8673644972633	880.633075552155	30.92816556402816
295	-11.508920334904545	324.82171267510506	1064.8051437714266	30.644378748444034
296	389.4556496390858	619.8893399020147	750.2242570821362	36.472936355696596
297	586.7916954719798	43.31568316865075	930.402885509016	35.96988389348493
298	50.23567029035942	868.243718743502	739.1582593553861	37.32278705420109
299	-3.524740495387178	93.86732124006093	392.72114925733155	44.571653739788786
300	67.92715608046917	612.3986570728413	-25.92633150198942	30.597727428513586
301	415.17587574625946	488.109112111577	505.55352561123175	47.72323507999293
302	548.8032285065494	77.55815473760956	281.5417357132751	33.310079849495885
303	635.5454657954789	895.9181382817753	347.9194083860068	41.59258006854979
304	450.85786542923336	476.81235766042903	728.3612552230849	40.553263820891914
305	340.57592139114774	857.6261474542931	1005.5281702662528	34.0130843895933
306	223.871337762265	461.73354612729145	445.33041540829123	49.852830154137656
307	-35.19954358788634	536.9950507324504	547.3627845185242	35.59531167000876
308	511.63627840619665	101.603655412215	231.56692014213206	45.3171245371507
309	247.55192290736346	829.7105995737337	575.388414801837	42.15218228369797
310	208.41792238234518	656.4891938362722	32.50561171362551	47.95551517612256
311	597.4408266148724	33.097099403588516	4.995358583429379	41.01477875645328
312	646.6465889667638	391.7246764434154	279.6111895305795	36.58025571390469
313	495.193720808511	731.1965814153491	710.6144294221284	30.12861659722335
314	615.7644697111772	634.2434609315483	164.59362551077726	39.05077036322321
315	541.4993355816716	132.7047814938124	312.8263575616015	38.66388925628769
316	186.1152718609576	623.278842617902	808.7510521842859	35.15340379904047
317	25.692242634172757	299.30140936802167	183.13874366941783	37.81984913432436
318	316.1987942761399	898.4752052661339	174.91089964116262	47.62952450616838
319	203.10549414748408	572.9373225989774	591.6550949455931	33.9027594645048
320	413.5031793381857	625.1343948916252	164.21960284018874	38.55666893999837
321	768.1171308782718	266.9944292248319	149.41179708159964	35.65977070410803
322	229.76573120837776	296.1747506488481	30.52579169524249	41.02567232384364
323	721.1461201969078	694.02268749053	503.27452115518395	38.004714526240775
324	647.0348226913388	320.63848605839905	583.0866587739617	33.438027779866694
325	405.0300859078584	133.92840007483056	-0.344825091594295	48.90228252657562
326	530.8111790330481	722.9504441709435	906.9102570465024	47.21986708678841
327	698.3929008439183	547.9593584898857	22.63818352095538	45.09317900162737
328	252.94488913586468	494.85144487861885	220.15214471414038	37.64839307022931
329	861.0655397279293	590.2823565427639	266.58125948259067	44.16205337344144
330	350.0401299464252	257.58656240803316	962.1241028479741	46.03071337865445
331	-18.249213137250894	63.63165724229056	986.1062482926359	39.92085137883965
332	128.67515225039148	252.21605902314366	846.1429083553978	45.90059912066455
333	779.952826043494	847.4220985772253	1030.3475111155094	46.652934725699815
334	451.55707201701205	36.94573953492747	1044.1762650667838	43.75732577215958
335	109.18786918648985	372.64727546488047	632.4071025692818	47.701067112616514
336	830.1660902975991	537.176614409547	134.62637403824257	30.27851547043783
337	330.3144741629916	577.9379817278258	167.11931601594836	33.97799332024821
338	187.03531285795108	553.4589879035336	255.0726328110951	41.70964025187137
339	872.8552147604709	616.0184120399846	956.3937206797932	33.373800105343044
340	-36.09608841989029	16.688590729871606	755.5973650716531	35.571656508701636
341	715.1746353303348	155.52546679565398	961.324288222667	41.16715947215704
342	-17.55260977465157	133.5028646785542	-38.83983791274951	40.9406372605842
343	42.75046846082155	870.8945483806116	1039.1985086741586	37.80530100236814
344	773.5619507365732	576.9009395722504	927.0187648368113	32.22951840590507
345	603.5163130614332	201.88008920830032	790.672100801536	34.95246060653513
346	642.0836571467107	172.0729931735513	292.2713962902201	46.116787790053735
347	804.5787005850516	299.86385326246045	743.0233398832102	42.592180372949606
348	781.2369461342936	361.97535186198377	660.426973022459	42.35255243764878
349	840.9140288886716	454.24728575050085	124.42506721076171	36.175984570149886
350	137.812351243432	454.35923181112605	416.0968169520568	39.01809975034921
351	60.90535887996866	535.8209868298986	72.5490487180199	31.439549382214075
352	719.2464097980828	479.94127931460696	312.43404233977407	42.996651444109
353	35.664950666903124	767.7965335327505	382.4694155579584	42.29758465865767
354	-5.218294405760098	717.7790848717276	738.882266850212	37.47654293054042
355	485.3029876400026	529.6951417202375	154.0624741810404	38.85110963802233
356	315.143624309185	640.5453649808984	480.77618361002135	45.579824126242606
357	514.5083323783107	80.87182474847597	1028.983022006772	31.901871764191018
358	74.56341914419342	274.511939923671	266.5462667990674	35.14563772385403
359	476.7362648727386	574.3372227465571	1054.840171175859	32.336389502971876
360	92.01272287755796	332.87821085884775	440.6165685313553	31.147082302928382
361	663.3950763158826	-13.433782909705677	428.31068411651233	34.17785134406669
362	738.4941825858865	71.2852224326281	491.14971930666684	39.57371930767931
363	509.39253216470706	328.3887557033432	1062.4931938946656	49.849957779410914
364	404.3008776322125	730.7323445441102	883.5610986232265	40.33545742151546
365	866.7532511579193	623.6120051031756	5.540584236028074	45.61457553978613
366	120.62610830982734	50.923427768067825	829.9228203181726	45.151945292878146
367	432.8153289036729	72.39518908512609	151.04315980779896	42.014631544894925
368	202.08357659079238	-33.98689080636601	5.1408709807638004	48.736743407083495
369	852.828173620787	413.06575938472076	463.8644184293054	46.098919807912836
370	94.386623373204	-44.78631014808147	694.8517500229201	43.0433625734899
371	206.0399092057802	516.4679103541636	614.0140271535712	42.9468955713576
372	236.08382960861803	412.06013690892166	635.4725415791953	40.572021882603465
373	823.160549125885	328.2545468299668	816.3717655070841	49.50969689298876
374	634.010907391416	327.26903891030247	826.3872715914312	36.91587558913964
375	623.6746054827307	684.3218863937564	238.6545770095829	44.32143373636976
376	389.44937442638667	776.0769218921342	293.7237111034497	41.21134863238801
377	-11.487616756956406	647.4529472895558	746.2727232342373	33.72853134338272
378	690.317976557675	885.8459374663753	273.3295042312285	41.57445538498304
379	692.3220951443124	416.56743222764595	385.7593287377442	39.88591519559739
380	213.6756219590327	171.14574433087	610.8376365514068	35.32802713582819
381	668.6888655637143	699.298439697789	585.4858564664203	40.40113951327739
382	58.664306179575206	292.27761614262886	768.8310534694065	34.335299218345156
383	119.55697319306327	821.4007602805925	74.85954539394405	45.968772120672
384	344.57203855471437	32.57859866205189	711.4358904210727	48.98213477146208
385	591.8021195596543	630.7135805652822	103.84909311692951	38.97417795718864
386	610.7234037768321	428.68711856752446	607.4305343163209	32.57907716731638
387	170.0588621630369	43.36605855753531	344.21098958990916	42.407239920720414
388	896.9505935412866	462.39417881654174	156.401580842971	41.55150444392298
389	776.2355054705126	24.344545436575203	848.2725398324545	49.79097462373697
390	388.3144868990151	229.66556898956367	-4.635994543925484	33.21211392605197
391	403.828706757051	459.02749462275983	857.5626894995952	37.18139943905124
392	242.00387822439984	317.9558680392986	313.9136905169845	46.56340491401648
393	837.2030105937095	49.18349201669757	852.5267532296127	40.18926587329252
394	-0.6388044599282026	677.8443570846451	200.31086738280916	49.869840233261094
395	663.6873270529744	8.746773855845369	63.81487364686889	37.177906203934036
396	402.83348263232773	748.3040820747624	402.571227561819	33.118227176554655
397	47.28738865250136	437.53786040728664	1051.9157060377051	41.07651400910242
398	94.01055101374345	873.484905682767	1034.6762271367074	32.877635465488176
399	681.561636327688	336.01638538589077	423.58680374194796	49.65723964614469
400	500.3074811767274	514.0852851668715	486.8587483843751	32.94529822494502
401	760.9970474358304	206.68840243432265	824.8496990534613	40.11393730667687
402	628.2840905175784	640.0874369881394	956.5638760613056	39.783186908252546
403	798.3581727220927	226.33840971840885	237.45198582355192	35.384694046808185
404	507.154634602418	284.8683739162813	269.2696428548255	44.69739251772614
405	485.4665524242048	699.1110307231089	908.7847752114684	33.63612447711665
406	4.633834187023886	789.4537311255373	575.8952451625094	47.732606799767964
407	-28.144153339137695	-22.530990262830212	327.2178990376699	42.644024679331174
408	591.4865475798326	746.877392995202	32.818144516136655	42.70479521335384
409	39.5250293332319	404.81654573500384	1076.514334882799	36.1761864601255
410	126.00588112054638	539.9830315684809	345.30322320354895	43.22482151551499
411	545.2673903733202	64.61744542258322	17.915398580039522	43.83148219448999
412	99.48910873553692	-4.3807549369252925	77.55136635847603	39.01457523476224
413	100.87486673853735	352.7680741368558	81.15576914991661	34.588901067610394
414	33.475134649685174	37.50432811757999	561.2995336872104	31.870047578481973
415	439.6243366711462	123.248983800171	340.3886455253405	42.00837102983217
416	615.2586901323804	759.3273792961697	555.4480488421141	39.94534792923272
417	436.89180626348866	68.17996207329773	904.7332802806793	33.45915160323651
418	440.5192417815379	75.57762584423486	935.0166537628565	32.07982541894369
419	287.3004339030509	21.10525061113998	215.68433522928484	37.14145600504277
420	618.4432980509406	546.2941201878195	47.95044961866407	37.74300254369735
421	744.6693357960237	882.6008657493466	320.0696213945135	37.31074230477931
422	823.4959678802946	-46.41744731016813	537.3885686608194	31.056935598370107
423	736.3309988644543	722.1899230998279	232.36160659929362	45.01269993616424
424	88.78538994500809	136.99661655012133	33.304694515894425	30.601931897272607
425	853.9367896890461	602.0430331502936	620.7165337052628	33.07929411713458
426	756.8303479021636	480.21854947164275	285.3503010355793	35.824551670523704
427	255.08204551647736	-46.83482944491752	243.51096425369764	47.55161987049846
428	416.90753313406015	694.2511117210155	793.4413764216746	37.83480652104793
429	669.4424704369302	620.1079562472255	108.53169675374255	46.50211794059509
430	-48.968948759318124	887.5962708049494	191.4073509401309	37.96150062851932
431	617.7531409052688	326.6350475006112	753.0041550030365	48.37603748458517
432	727.2696629857583	641.9280223129552	373.51475193058997	39.896301270407335
433	545.8251056928716	660.5449178846671	165.9317807789339	31.19054863254356
434	247.41574644498542	640.8844874219781	681.9671701884726	42.833913829399556
435	434.44710546974494	671.2097185159051	647.712739257348	44.83400222833755
436	822.8246713530473	248.30719102941674	98.93598211649712	43.025990070128756
437	687.0304683882888	684.9370937885653	463.4375242414094	38.84275258002185
438	467.42427944224005	30.122603210450706	288.2043772007774	34.597553386887924
439	799.0068689486469	97.82478230140913	1011.3064425853513	31.986697668444528
440	752.5508326771392	438.60620062004017	91.12528179511798	39.28767682466852
441	847.0233045131373	542.8679801572979	552.8478089386813	42.83119924870751
442	365.71427436562584	694.3870221963044	808.3315767861794	31.82106281548795
443	165.61352597910158	46.4792823060216	76.19296385406022	31.02130892621061
444	-23.96741014692444	884.9608188639079	861.3817574140207	49.12755032726034
445	210.06814186038753	474.51966815907633	235.7863972355143	49.37840474480104
446	-1.713414299320256	476.801700216321	921.0031702228946	41.727153926365105
447	132.62027359520079	278.12900235088586	161.3549461284677	31.101791082295346
448	1.7557953954788914	352.4262409482075	729.3536502521483	34.870017820971256
449	382.191940042322	261.5735784299295	137.90151171419055	36.62722251710121
450	-43.760115086637555	637.80563265069	235.96718162867876	30.391983172985732
451	254.16698243562536	518.3826534625455	276.9242285891297	34.22893605505753
452	599.2141840649986	573.4819439948775	24.90282110418778	46.83934369202741
453	26.39195286665307	-2.8074702889594647	435.5608135063846	37.00203209061668
454	476.28916412658657	771.0027081112906	588.1893297789618	30.94264202525553
455	251.60636707359123	243.5253158936468	526.4207818775681	36.15349982098509
456	23.650097881851167	753.0655349386423	97.54897455605757	49.03003703821271
457	692.4296235323812	443.4426748572035	463.35856230512275	36.39402820401001
458	398.6800902833179	509.16538116435515	667.3927119237431	35.98436699211951
459	-44.896949280215736	322.3370581530848	62.945925581392515	46.53160947911557
460	531.7001729855863	332.7659658887734	63.838157188084196	43.22668958066258
461	148.00988661227814	115.71169381032203	64.75512294037574	49.39347378055979
462	-8.504202865959343	65.07192462099108	1000.7079971008441	40.91778545384928
463	173.58515865024853	719.5945185123084	1062.5944202534083	32.54105564824631
464	769.9630835145881	411.62659600976644	564.3536342953504	38.42818800784284
465	214.50641790395974	-45.821074487519	27.492760628093635	41.98470507536068
466	624.261524398054	662.8951547761477	311.9109705539022	44.847468667038584
467	71.92507025852989	32.56574749477893	374.2044821129258	41.130082066901295
468	3.9149628719080027	-3.535356430160647	1000.9055920789888	43.563989190079
469	808.8470153032397	441.020095164866	919.3559840538348	49.27625840180886
470	394.89435635152023	-48.85126383634076	1000.0048271512399	31.161523368751197
471	183.18386249867544	838.5614654222884	531.8568646309095	46.848252974731864
472	743.9312097899278	365.5243525164466	1066.8948236847323	43.42341028346664
473	37.08586239003533	872.8454398916418	996.906962691256	41.02640807664326
474	486.3850936720298	665.5074390971295	1038.2593933967235	42.62189890217287
475	189.60562298869115	853.1228127508642	312.96196727245035	34.41045477398572
476	439.90125814735586	205.8100251165873	720.2169271977491	41.65224463291827
477	522.4536830418353	447.37013347820414	411.7290267028213	38.34380776645466
478	289.1554832440285	239.28432391065866	220.89376758672586	30.890819236846614
479	133.9915253187118	265.5835378081997	964.5007706356521	43.63753116630182
480	121.12195428078076	165.20392658397745	553.072754459496	49.657158935532635
481	841.6227309980178	261.1405371657994	981.1670297958592	31.987659319991742
482	478.1950440878006	505.003790102002	330.1961109744232	42.41073655735604
483	200.9616652020026	393.4657823032901	932.081791388711	45.8432966551744
484	768.0875572387843	841.0891454944002	578.8495476087318	35.18626227308506
485	191.43149708145293	28.504048014849573	72.6767513139759	44.16933653887625
486	142.26398580361365	306.86347842384413	996.0515042814425	33.94098956045924
487	415.310541792291	153.1180078262288	520.7351825314905	30.59901036834156
488	632.7833728598872	269.59999667990746	583.3349815975787	46.84689445225014
489	105.14644295349851	672.7531296051872	1076.2724033486504	39.45552626170293
490	-34.97197349315525	756.166247389784	941.5221030589623	32.74028975851924
491	539.0924017141996	237.32191984883963	982.2043150874604	36.45794511447673
492	489.91341030766694	355.74781344290494	736.5052364549283	41.24943730834136
493	562.1129397345171	812.7348663794245	1052.345263932811	40.942259037906794
494	23.518223065106625	257.0164344655537	234.20740683207646	44.01515351524321
495	399.7140897768742	448.8047788017941	942.6334939686625	37.603480582585405
496	845.4000015938122	785.1699789095577	431.40538216012175	46.33713020436836
497	819.5088150176401	262.7330185756161	63.992798737138514	44.81212121924506
498	403.2576197019806	624.2765838188611	393.703099768547	44.344615315962116
499	819.1349101249466	386.57651780859607	541.96575212419	43.60215214039563
500	363.7093040150123	284.8847057045529	525.0600930142181	42.939373595184705
501	126.10133956458162	745.2008558068684	516.4165697107323	37.528561714707884
502	175.086277130585	801.5298545438669	471.0237408750055	41.18361461818255
503	591.5511633407693	530.7086964060385	186.77212248103984	34.659584950220335
504	161.22616547633518	221.73633153643664	6.005211897134721	32.53047756056396
505	882.565736358587	827.8426282167997	1012.8927317976847	47.972549202403364
506	95.61462354479735	370.39453250401607	513.3263633247188	36.2634511844284
507	62.05297135260574	544.6876774391002	579.534337828361	40.49577104953157
508	-39.33285176580503	709.8528458802618	959.9413422803061	30.932863890733838
509	83.76553163144871	50.86759844788784	148.2617269512913	41.24415029282477
510	762.9862568660787	499.0866761284433	462.5571129942565	49.618939627080394
511	322.4327851907189	527.3083527348203	845.7552475246637	41.508174991405
512	51.14058035241641	606.511568817687	726.2446374037473	42.68564903544093
513	780.0559089308854	266.3352267089634	-36.52680611409988	33.45625950585832
514	789.1464079634833	880.971749092675	373.5951614548649	34.07817917984584
515	522.0619661307447	212.48291923787804	301.4424808174328	32.736526349886596
516	481.6940380517949	-40.47048478384456	305.38175576713155	48.221027543091566
517	438.0374701066165	723.5978180175625	836.1776254246824	32.8992603111428
518	695.3652259001703	680.8826750852392	795.9498967847038	40.54983012655261
519	289.2006387894043	544.1943285957337	805.9075209619376	46.50541278664099
520	157.54517492292536	224.94046156514185	421.7739408620872	40.860124127841914
521	311.05675184042235	718.4217745641803	871.1921259567301	43.63118285529336
522	271.3637217940989	507.61190749209663	186.76706371439357	30.639164357366734
523	68.64281167974855	47.43866892361389	619.0471843226844	44.0000448289389
524	250.49600402287604	676.0922673151996	393.7378116861894	41.763815394254955
525	605.7263028358401	785.3981550675572	465.4034752197209	40.42300841222334
526	609.09975568237	397.05542806550085	402.26991170529686	38.94838739851407
527	338.4211200606727	617.2466079849548	912.379607563359	48.63657145515754
528	137.14467275136118	-41.01059069357562	706.5626148736228	44.75845722290781
529	548.7261559914922	578.9774019776116	1008.3038842074657	31.6293347749222
530	-33.25468561674013	650.6654899432087	419.19427980648896	48.03697420366257
531	751.6753286182095	609.0007363907631	24.611010739176393	46.533301711057504
532	708.9493458323901	79.69040875287547	112.11711807940165	42.36177682349763
533	348.3490187290326	271.8139571588716	315.9459117594464	38.41563893032635
534	540.1024624378118	778.8855354402464	573.3709588938	46.93740196654456
535	-16.862054006436445	410.4622199919383	110.21820420750558	33.72955381978873
536	156.25138976747638	337.0835207425142	37.60371522938833	32.877875702664085
537	645.1323534910175	469.49577559275644	19.56617070200693	34.33716249668766
538	131.948468534157	446.23734502909423	1007.6368717218229	48.80476308359192
539	790.6206395502476	94.79349036680813	865.908754135467	30.467516628492564
540	398.74223352359445	-45.451740247878035	1077.0623731347532	39.24812969929933
541	191.23293390326876	118.1080459666604	896.5983503728479	45.97066544554171
542	361.7472470787067	154.0940960529892	497.6559159510043	42.813056283801316
543	648.5165786255385	414.81080620403793	-31.135621625881644	46.864021605924016
544	824.4609441406857	500.67248178366015	283.6373970857251	42.346516515128044
545	865.7169955154399	819.1581724739327	204.03188252615033	36.41040230164081
546	546.3125061794066	162.66686974281652	47.03477262812001	32.47939811030532
547	436.81231764726806	468.24786046715155	419.11968224576475	49.778037525616845
548	653.5538819523384	171.33832777278587	-47.25812164545757	34.78748923098895
549	458.87422201509037	125.8573901898408	398.5165814233929	34.500880837875805
550	589.9831117389273	235.38066478100325	249.45968477491255	39.97214073252075
551	63.37113501469317	58.60470909441324	578.9248770283572	44.33611814280289
552	334.9976645386912	243.0314251381855	443.69943414279993	37.069536528314295
553	-4.26404880778972	69.03101812710149	926.5737466869841	31.77473033381268
554	170.35885103583658	879.2401452241529	46.95111147228707	41.32628655254014
555	800.840814668185	845.5240657642107	97.8302983415671	46.90284152529792
556	6.909120927953786	-3.54120025370635	280.36831340891916	47.44405241205112
557	880.8648213332401	743.7534610943641	271.4001686069297	33.093549445132325
558	824.9166299324665	643.51211481035	798.9146202007746	34.15020923233119
559	440.2877150274544	24.505373243570077	871.5644055740844	35.407517198917546
560	836.4110101337517	570.040343142166	124.84132232878753	48.707474092990225
561	715.3054241216518	251.49880490921345	1043.5299512729762	36.252094619535555
562	412.3269431729962	26.28479390340499	794.8153943022804	44.309208562944036
563	301.14830702087187	165.009397206228	387.84559557100755	30.891628110227867
564	189.1150334169882	671.3170557651138	-31.614321323504832	32.59112770321191
565	42.995178214271775	315.64193717536546	917.5770668203875	39.07252352619367
566	571.1407327507056	866.8036278157581	108.66171239533767	45.313604294057356
567	733.1274147413235	498.283764820255	418.7211540161068	30.91062295813812
568	421.4008521785551	626.6766219180085	116.7823861726801	47.24859294517601
569	264.8021275305021	224.5501877821215	472.6023711110706	47.472160796629794
570	182.4106156421869	182.0034070495732	947.9113476557567	43.916169624134916
571	289.87020416837305	406.30011311536924	388.0957180950225	32.855759579853185
572	78.12372174101347	304.5111519618728	142.91211898337917	37.79078415268389
573	733.3135513470718	484.9444736352385	56.19785566435405	33.30087596620349
574	666.9707558058991	17.019444919602932	585.2901471386135	41.874615914064755
575	484.70137988828776	415.52774233649495	1011.2458598425083	42.355988933261614
576	309.1338414269188	889.7297725239304	839.1819563549437	37.560458386104045
577	-23.13471358131706	66.89101869611527	12.56381156646325	41.94910741679822
578	28.200098530064153	107.09076470158905	639.5104895861228	37.33186194042039
579	429.4207337014862	437.4543576231996	985.6656025809639	41.26227897655704
580	547.0424044164822	610.9494567008187	652.3844724357192	44.84169252414739
581	474.3727702397249	549.3667579476455	597.6115459017973	42.01198578699097
582	160.11111145916507	-8.976484745743733	158.65232439206355	44.641404184101376
583	695.0265468503095	554.7703035095701	984.2698684700663	30.72822213722653
584	132.27097171739942	755.7283772159379	10.112871100151182	42.192272836177295
585	397.212523687453	658.1581032329708	543.067696099996	48.45907472735877
586	230.61972234430277	577.4838888422595	803.7573342560825	49.551708883270365
587	774.4197569503136	588.5621652822424	345.2982745574821	49.671055886511155
588	754.2900651772156	458.200770985792	915.5485702494719	32.93196895251494
589	651.7700370756368	207.71392167716795	897.4623979915348	42.31161857479065
590	-39.014797173276776	686.2100998592749	320.3981514436166	37.76549673721523
591	479.3848755758845	621.1238901835854	777.9450720839984	32.71406434345915
592	-31.69350152580873	65.70438034711664	944.3123961624237	32.101734689777565
593	796.8573762191035	586.2714640646888	114.55556376745596	47.95537107794962
594	128.99663248212528	336.79381049940156	751.158302540251	45.65609331764387
595	82.12866961397515	779.9710452566303	286.0703602055183	31.30119931843355
596	662.1706205085546	451.14901416162365	679.9140094596324	43.159984169350295
597	253.8216952470758	733.6431419634911	734.6676915342205	37.80120145859529
598	645.843770868198	136.27838125041282	245.3940050234511	38.682857132586754
599	372.0214264815903	647.5065641173891	870.8746778765131	47.48890400604308
600	335.1627475211181	-20.26986510982649	126.51327618403661	40.081440666881065
601	547.5653687052769	222.53091610956534	730.8429324262952	30.82238923556893
602	230.2572845307742	56.1764646075258	520.4702473211784	43.105139413842174
603	10.61495433059602	435.6663789372432	234.15780364227516	41.533742316920595
604	2.1896684375820215	174.07284268069856	1002.8960823553602	34.3157661235253
605	840.957211347171	391.4875958693427	773.7441647621805	46.59158112950749
606	669.3038668665836	302.09053149984265	95.49018385454903	34.50536560962357
607	335.5511702695978	-37.580499743863	29.574378479635868	47.7399754451457
608	830.1178640228146	461.19947881159527	497.8727761421468	42.0725866062369
609	581.5273925139744	249.71946777195728	481.1625431022127	35.138459338366154
610	817.2121007880163	671.8271288428285	697.1249534476669	42.83617906371799
611	31.25888045171959	850.1724153821692	161.56505020938056	49.647994269360915
612	579.3269624791569	225.3128638815664	711.0180385973547	30.63251857650475
613	811.0087296706531	608.8569487731456	347.6086850123562	40.12735350600617
614	538.7960741075848	623.3608880054023	270.0142515588543	45.77790506922962
615	60.1250024597047	386.78236666897755	1006.5879181321279	33.12258843966223
616	21.7614792230341	629.676781651062	243.69459599399983	42.92141091830201
617	157.05498321194258	454.2913733656295	274.9097509980903	36.66849752162692
618	490.06727246955097	455.60195958529005	931.7565448882409	34.00000449294155
619	26.745460645647228	319.4014719817093	172.35230955443055	47.108861986161145
620	796.6415347444287	540.443495384729	584.1334158004069	37.81185911802852
621	567.146455924758	478.16988548192387	433.6278167561903	40.78509330784634
622	343.67183887077596	238.0193740949245	1062.6525012453667	49.197685902811884
623	146.1801514406948	763.5564151872029	468.7501758516114	31.310119418485026
624	411.4164202523531	681.6605266075111	408.7142995713677	38.17734214392245
625	-19.977989730661587	660.0816305765441	23.858112774309802	32.19679056086639
626	394.86595299366695	333.42285469313117	892.388544605379	43.48959591724608
627	126.2834064355423	21.742091272714447	172.33345275961887	43.49648698400868
628	510.3549875994686	888.6121892167746	772.2418732050681	36.22176778834671
629	369.4832736571025	889.8282990285195	488.7706595105676	40.115102361572
630	597.9514800488797	836.9982559657069	882.8694064463734	36.39570994111485
631	-34.736886485085684	40.74557839066895	261.7739611501491	44.85591363458948
632	898.0626058069427	605.2056240984003	1045.0890979347737	44.308815299831956
633	356.26980028298584	800.5444382862415	753.6382972871241	36.06406323755326
634	878.4009787506698	493.9943558394657	194.8234285847211	37.236546976963766
635	863.261232650022	660.5872525982074	1015.888787535843	37.588949590374696
636	15.514915024158697	709.6360226609946	318.2657462898631	44.04316340093963
637	204.08191510618732	24.678694901231907	572.3047538444875	47.60271934075561
638	356.3190774985869	-25.710969483986982	775.9065959063224	49.89032340013481
639	662.840548958902	558.2748369683566	396.78061747017716	30.071908818743587
640	824.771224232085	845.4847713594526	990.5021651608586	35.38729166839733
641	155.16865151220364	805.9397519178711	231.13670373571676	31.120313703947485
642	424.2787545397181	226.88639763364836	168.9086393470434	30.4540205504614
643	589.4176148444172	445.77447905845816	155.95332394560785	36.58015139267366
644	574.5679066643352	759.9164006595688	485.1347797957634	47.21512894315957
645	684.4358603813232	734.2177881901358	144.40192916461132	47.543951589549664
646	886.0051473716162	127.27094944699218	-26.155963588180526	41.88656773632526
647	-13.716095834954686	719.9673938731024	511.15462039868953	32.82932635115094
648	187.58089239512714	80.5588869387953	632.6308710964569	47.81357848872479
649	747.187456521649	699.1736171571207	558.8563716721433	32.73224311733599
650	71.83691424060655	103.83614343436625	645.6477778773118	46.32613115440847
651	813.0887339214137	585.7279123338546	279.1015376019694	40.06854816422582
652	338.3693078513846	-46.578408127193484	1075.7194425441473	35.82789705720423
653	183.66710818925569	682.0061523957553	379.3291423506067	48.98098051786195
654	153.26622435297313	-11.74873299364041	118.77381128685332	30.633582576117597
655	558.7235670661507	5.192648631664433	274.14107027708513	34.888569535591536
656	64.03628208023852	474.03091550796887	507.5265975873439	38.031500495776434
657	481.4011532745993	329.6090390268342	653.1160745788076	41.11539827431556
658	169.20848479475677	-12.337570893942562	585.2320870994319	49.81487595663492
659	362.8036257790763	350.5651156700886	818.6049177393969	39.33840163034914
660	779.0710077096077	319.10053488816317	692.1752168054287	39.2829402267471
661	121.15783707352674	628.147006599539	384.02735672468253	45.27906250090433
662	795.0542563288428	863.6151543955243	-39.04635428261665	31.734042022666763
663	-27.295778173881466	737.7069439448978	167.47190892693123	49.294048556436735
664	4.924698089222062	11.798622949875991	-7.899870742967863	30.051733285215235
665	707.6189629489786	822.432310684571	691.7941324340861	30.514438315398618
666	561.1654096361023	23.42484896694745	814.21285316196	45.24405531769636
667	690.718653275483	253.27903140846746	423.6351962431398	30.284485483097747
668	787.5991916626169	132.49541402020145	1012.3294735345173	33.5569181580409
669	861.0706332636279	-46.83083038535749	625.084089998946	36.536472988260826
670	75.27335621146973	260.8252225217395	749.2405064267282	34.93050642378171
671	110.38060636767483	600.7214293335504	353.62055172556074	36.26741485806326
672	803.7669837596529	804.5728985781332	701.4819825111507	32.22103823706357
673	125.02065536508692	830.2470999026758	28.648905724439103	40.29064719185893
674	542.9002035790043	694.4157752803595	635.1140758225373	46.039573708942925
675	279.6605110782884	367.32639461508336	577.2233246507595	44.187367858693406
676	393.86166010525926	339.9559232538748	566.7221506072405	48.715223899945684
677	399.6957308443175	665.5217772054476	827.6181202049751	33.525466371691664
678	717.0545607587713	344.7018884815384	750.5426709542367	35.753935391363456
679	772.6985320174871	719.6018953468272	622.5388556368838	46.71779738452239
680	142.14375127352181	829.6428543032787	491.0652059688422	47.67148541348486
681	881.7931055160875	279.7815010388724	653.2926337133604	31.048962840836587
682	522.9913672656616	741.0610108033226	284.8801329922287	34.48064925961512
683	651.8235502247165	560.8517135750893	431.5154083317431	30.582172482116007
684	-44.49796959434156	295.4253583097492	1047.4683300581394	30.55864703721226
685	885.5795202365802	243.038265827783	500.4317551585217	48.41000788765555
686	387.88000543477057	616.5175085542628	196.15534007553433	36.37619907314135
687	-29.779688526737417	252.36235669984268	730.1634928527685	32.609401372311154
688	0.8178429847793396	463.6394120408918	504.96912601911026	32.78007676870312
689	115.64022194677997	63.91589198787115	618.82530528846	39.64948785863223
690	669.8466834171602	55.41914030508882	770.1271503025533	30.251843961280724
691	536.5336229561144	278.4875709880398	681.8413281100355	32.331067753521765
692	61.13247389088032	847.0356406852023	291.43691441401216	33.72283621642354
693	294.79676832053246	478.2586903246429	990.8817855094385	36.936458162747854
694	372.74152574761604	568.518309154412	372.1205186982721	47.19158295600589
695	-28.801580362055503	601.8656293859606	403.5743240857647	30.177420727663385
696	202.52716076336887	764.1622475777174	-48.64080136163969	33.10308635844539
697	845.2867158213786	451.54736908875077	891.1228954386606	45.3551918167269
698	183.05855397270668	891.379464687367	920.7129860754501	40.91579580186202
699	115.32289253395135	789.1170388885885	655.5223874246867	32.96281179555264
700	253.6872167906232	731.4125148045315	510.3227209851847	47.92816194518535
701	132.66573423094178	445.031060481212	1050.8965155126189	35.12607561893426
702	541.5494549757784	771.4576953017082	812.9852894051736	40.98458315601549
703	171.68341147432136	17.02324251743252	374.24675699642523	42.46085135127193
704	716.6047218338596	334.5011772052062	780.2745627225219	32.71780912867404
705	539.0626469156649	823.5354924647718	1055.6426819735093	44.513408904540185
706	113.97350853934296	880.5924773762245	134.60465528256915	37.07811955244235
707	287.9830613584835	167.85326753784187	277.7175750178239	34.53491608669853
708	879.5588798810765	486.4393028057974	908.6854700981339	39.4900736493464
709	387.7413420368355	850.6043027606142	354.85942174923144	40.6567805832246
710	611.4382034006157	98.81251038851119	565.6252019662245	36.24802766191406
711	630.6359642930303	42.595553655151704	120.21721006664629	37.44258374144625
712	413.9172264144819	573.6149356940924	446.9806770525112	40.73534673564243
713	634.5968469870544	57.159986354585314	562.6203487646885	40.8216746262606
714	-23.138949198059546	244.2435690540463	828.1736694042397	39.3785632770941
715	504.82794653670544	729.5342154371883	260.4670712197675	35.87887097118318
716	768.366967074547	397.4124547000362	278.5256297078847	38.16569192884556
717	44.991689778590484	730.1515102235908	486.21127801678915	45.92226201014179
718	386.64554842890857	462.52549012852046	322.42435867079706	44.47606788795953
719	220.65493032994362	549.1659073502419	525.0054841335863	48.77999952135387
720	647.4897057280875	286.610919775149	472.9943802158667	32.058326475135246
721	347.877518721281	852.2295556716876	743.6851276603339	36.196362686452886
722	154.67208839780554	361.94706275037674	756.8709580676546	37.932640559933674
723	670.6842405517774	854.094588925544	812.1599858686885	46.81003548758859
724	837.9609084407915	424.16509838467164	458.32950136316543	42.4877441603153
725	75.7243344810564	696.7159133708642	865.3690376875026	47.83149131108614
726	516.6027757298752	68.20678104296046	369.2958910962938	41.09481654964545
727	307.6244712804708	724.3998137567459	1067.4189963625531	44.968630697523615
728	863.0594126385179	698.6181288928797	872.8649423516188	43.81139912178929
729	94.37308496290763	270.5624039117381	448.19734698323253	48.123936809194056
730	728.6653867451425	682.9956748191423	939.0793578745715	30.398198162609592
731	751.8216926117593	561.4234201273335	242.15986097618065	31.3610440644459
732	647.6791273711868	75.17372360540895	238.68492683954298	40.22178041315695
733	534.8102565431053	834.0333461429151	243.85440810037215	41.309852547468196
734	350.31693748556546	13.391350670834626	1059.878734552164	34.54375171066934
735	69.20842091845923	314.1263487197144	776.1254117768834	30.223018796416575
736	849.3027148321122	420.7565211871733	963.4063634691819	38.3911404009406
737	129.78926952548238	171.56516979873226	518.741409641249	46.229145230439414
738	147.48627901254648	702.3875419024686	476.2377570675634	39.940655874928815
739	681.7429770680161	362.37504291083656	400.6315914592535	37.44196711796179
740	863.5966380637782	93.87444375412761	816.028457307884	33.380955285610824
741	840.3286463493913	357.5561914481735	141.53911635229375	40.50028932421616
742	574.5872244982785	379.4800916292748	817.0882905030613	41.160994681881434
743	746.9394893220236	181.568735815012	329.8992300650439	46.65327531138834
744	417.0076055389053	26.53420843187618	146.83804336474728	47.85354545353547
745	307.13891679700794	785.5436832378468	142.6020724395788	40.419932202982594
746	224.84385496440063	172.66269087479787	681.7981938669985	39.52697247098486
747	558.1178460633215	617.1758715239829	580.1937972453414	44.33575424855695
748	400.74772656029495	591.3065639482458	777.8113179345901	32.71127366936681
749	856.3632986192241	717.879935425013	508.6947476299698	47.22922052219625
750	634.7416650487108	519.9732524617476	387.33302824031756	32.30259348920396
751	282.97109878143334	751.1270418556646	-37.30467502546443	49.02140080456113
752	758.4832361730406	284.0923539066147	926.6056624953812	34.310192999686564
753	850.7433731174541	745.3271947917855	54.99614934730491	49.40675198376738
754	432.625545651559	436.5864601803483	847.7249701594269	35.448441977757795
755	709.9034830276444	860.4774219516115	637.7306673210464	30.889093322176148
756	687.8223653153643	777.1945397052302	491.8619030962768	43.78525509090979
757	683.8420999543212	774.9161292273598	412.2272757824158	39.35656240525458
758	635.590507681108	774.905747962096	710.565266213741	38.71077796994143
759	0.020735539530619462	206.6614054458251	429.92680138270936	36.67050636965119
760	523.3442317467868	549.5636737019388	510.6585782635584	41.40167819280816
761	283.46420977891205	606.047700365817	461.6204321657912	40.06809838470727
762	157.72239917779024	316.84598937723825	819.5667958562526	38.75338438499326
763	295.53382700673484	732.5070803955443	149.92905224096222	38.74091466321264
764	856.7158660436687	213.305632870402	100.16280557198317	38.26819942327908
765	673.8958623602657	803.6150210840287	925.7609345582694	47.13582670794601
766	565.7413292208795	777.8647102212765	200.12444094156794	42.28828525340024
767	132.62810189656983	897.3547919241873	953.829254311169	30.90771709920328
768	406.6980297467248	542.0298735554508	939.8102137942403	45.2574907011754
769	440.4906785781678	219.15835225064393	528.1933592068481	31.30994513618171
770	186.04371210506147	888.0487342914196	842.0524521920406	32.58271157864076
771	697.1856992911704	416.5854628946341	980.9707180857256	49.34243889062054
772	168.47501061610046	16.75386601555803	1067.8315661158333	44.80134753501828
773	412.47016060460516	843.881121667017	978.3595638323991	34.3041798485184
774	764.8375819882503	703.5070745691529	790.6631487506758	43.563759412958774
775	414.7813898983128	356.953833846613	986.4906565053461	45.17244862046119
776	496.6384141665584	592.174349827602	48.23314285723123	45.56774163871004
777	150.40825362944247	490.86222555210395	213.2043803698552	49.316992800164684
778	118.34626396661949	43.264346781906454	785.4071385972022	45.65656436878024
779	713.4282305664424	664.7040772344734	301.4667984990256	42.21406889025998
780	288.47234076867716	281.2916102284912	730.3246871432939	43.455731917344714
781	204.34326563524294	-10.664411629690242	194.79453270337984	44.72243987160282
782	869.2392462339911	182.85381302705048	243.12378232945917	48.911004327350724
783	720.1173126815396	386.11218454943497	694.0666066748753	30.237097194349843
784	835.4277464928001	23.060664207941997	479.24112437182	36.21933353139321
785	19.304294188252882	-5.445634264393938	835.106392451687	49.597603069220675
786	187.05427346842407	331.98313234712543	-29.811957343387135	39.35333839833028
787	697.6854607404317	699.1221517999411	843.0160912229762	34.64945017568334
788	182.74325354491066	546.6468380143239	1039.8180497627777	38.63837805137747
789	824.29987680833	782.0732969322052	857.2689296531355	35.98369129517738
790	636.1543347628298	527.3844304378277	180.6535371268418	43.65679563113396
791	331.73200465553805	618.6487671920684	1050.7775082966157	35.635176653563356
792	498.7081162429579	149.2953637737437	129.83120925600883	48.30529769638116
793	288.5079664925889	888.1152799286251	362.67418793234896	30.5899998121087
794	238.4556061201052	132.93865231413386	91.6647528864863	39.24061370973367
795	806.2049852371778	35.011203630841464	319.71663110441386	45.21512568743013
796	547.6771079067792	532.5357816486576	442.9505329878349	33.26475056963305
797	634.2793876691613	866.544560309952	413.1194670214309	39.79932550188377
798	580.2655790429285	230.89612419565913	881.7395778555226	48.88270228251537
799	594.7009263966344	712.6508071187908	806.5878487985948	38.73755812285091
800	464.37148537927624	287.84023053807033	415.4157164869945	35.46375875263154
801	430.5256978156912	424.36671363229635	548.0143666905052	33.487988820047256
802	313.7642809588349	516.4789807420366	1007.7072783588596	44.05751831531806
803	128.86489273388818	409.139972575247	800.3180750124656	39.36185659263877
804	124.19686282450417	784.3485781048067	1023.6173647790276	46.08605573907866
805	198.36392678276	515.2737436450241	976.687300644747	40.028075945730805
806	885.8620433016729	282.6871707564456	975.7547903708914	44.890285274763066
807	593.2117343943557	117.40411923831581	958.7481167884614	33.67148179018746
808	438.927390456291	134.97590491976598	734.1583942515352	46.25695398846463
809	845.92603996977	557.8790309530743	110.49583625956973	44.58381086675655
810	691.4078065963988	466.3624822616389	62.79866156867928	30.866732721625688
811	652.1988896930186	20.463007786743077	785.963198970664	45.17587399421456
812	762.8720981782691	765.2831260679769	1063.9086241205764	32.68684896445189
813	615.5774337572097	750.473193446672	236.37785090862542	37.636415367448826
814	80.42388014740217	568.7418603492445	212.9569988410508	47.93304762240986
815	794.7435493924822	40.161811596656264	429.525345105978	47.01666754904079
816	42.099001715755804	611.9283553245739	140.76153668953756	31.26718404491749
817	88.6261945120263	424.98473796917517	46.26493534609631	46.3930702209468
818	601.6235414599729	331.45559270603155	1005.3824743732782	42.741486401506776
819	799.2295524378177	225.45643970429592	344.82976532188223	31.568543334481316
820	93.24527570433327	871.9598489504842	578.7835572876681	37.48263911393694
821	324.3066038905949	485.0943634518252	1037.0992830698215	43.34680746255343
822	14.838317474207997	51.78244574511707	767.8470469630817	37.44985494324765
823	193.386063167242	42.04115542692398	1070.6486898483179	30.273380806957555
824	798.7849440925258	657.8638725549987	534.5763457779548	47.85274377350373
825	193.58260099176232	83.30172238107116	329.3213266287291	35.09927619123892
826	686.7123308870092	485.2629627958412	166.7044474690362	30.418200406741434
827	804.7775677370273	454.7625139057038	577.9303886821368	30.834521992276837
828	568.269750163045	198.4434291173251	856.0338645880117	40.66442014507135
829	-13.413616301994452	423.69837711237494	272.91973725012804	43.646037569824706
830	412.3800379981442	459.6623330408705	704.3152700704264	37.420822381158736
831	280.14579067811445	412.94786259729517	533.6714346334335	32.32121277640715
832	218.89795851305956	854.3860552227998	109.63236790607903	49.94986789323027
833	671.5015621487379	276.74374663091754	793.4487028712091	38.56265239775698
834	851.9381118738693	868.4749216145973	902.832643819184	40.08904957159234
835	741.8817852090926	63.63784728363095	30.389900540078685	38.3875646575792
836	545.2008661763675	316.1237671350725	160.2188550917427	38.451810738522376
837	853.7147455199138	67.83852099043035	8.968444715261583	48.33634199421909
838	77.99577517078771	395.56128923335325	999.960799135763	35.882406474027455
839	145.54301692376478	155.0306943203099	247.9066820846436	41.406212194190395
840	351.84458950906327	410.2476616546203	728.7559825992025	30.493712740515722
841	817.4795587122846	238.12994646693375	706.6825035539483	47.271202053579074
842	606.3530527071456	431.7601917465214	277.7255559747124	49.95455676862156
843	27.145251304589152	643.6556846138375	652.2321376802844	32.118474798634324
844	665.5509997281806	767.4636432412397	953.8462368421876	33.65133511202053
845	649.6973523110654	564.4375596978493	681.6290035402828	39.93092879626497
846	814.754319780405	278.329644498059	837.63890021356	44.65052439556982
847	473.15507632798654	38.21362048306385	381.30417076343184	36.10438714958918
848	611.1407666233908	109.9368032309541	640.597768946254	44.28177335315887
849	96.821590900784	592.6958771683353	1078.9482307932433	42.793386852478534
850	579.4597665822688	545.2197200958784	-49.28990628894004	34.57218058749828
851	27.63311612869994	888.1508914059921	716.2287204278524	46.29028817853464
852	69.1621633386364	774.4062102961793	420.6886862215002	31.50984579048632
853	216.6743538495769	104.64725894019031	406.65429904494897	47.42483033539406
854	659.7117887526666	289.24375501017477	760.0325210353818	48.56206552640536
855	775.2137187266576	591.0772147184358	355.2790763149182	41.430439399753794
856	484.6051563238649	288.92187467271145	522.1634372511635	43.86894450432222
857	21.101951898526835	320.90077921643626	122.63085325669144	37.308055491372045
858	704.4303897686952	20.355520490242014	388.57095064536526	40.9907506222018
859	783.5632492555503	72.06627082939423	496.4350517555779	32.45738480835772
860	745.9009311748114	317.99711461869344	502.1937487292321	49.354495977913004
861	396.75005104126654	723.692807598813	461.89924869740696	42.38672059979767
862	602.3425435339852	811.2367937185422	209.90814342846858	37.74947930389078
863	227.93910946611123	288.7185343785882	559.7924975357436	30.012963330737218
864	284.1530515715504	47.095423073238976	793.1713245731984	32.91338251942296
865	135.8748976661214	234.9068589224106	998.2296550146846	48.35030048999175
866	93.95724012282918	657.9040027981299	1035.0980819170338	42.42475958586272
867	722.9233422406766	97.01688046808562	601.8331716311232	33.45283109589933
868	275.9905317171408	364.6804859391423	575.1905538781991	32.37251071908302
869	823.4813990771174	574.7176415491786	-11.741111416483243	34.84008317628842
870	706.1935292962988	461.60346996344066	758.5298689881689	44.95032769748052
871	769.1754727754019	778.7703034051741	340.90355075561473	45.28511127857978
872	209.38352332649475	104.51928171409318	684.4641006541086	41.21233138549321
873	583.6989025464959	263.3949319929804	275.21060259641763	31.930614879857654
874	629.5962421296198	681.278372235781	450.37551159338284	32.18361642372503
875	348.38773977194177	818.2136573204225	126.8443329045669	43.41972131660237
876	591.6798746852695	403.5194824061324	32.43280649573225	37.45199645435201
877	49.44430511483415	246.81002674312333	480.49830001897067	39.79431862908238
878	145.90422931266852	170.2013163569611	499.6661566747375	37.9730440525923
879	660.0806235405823	727.7541087040447	981.1172873142718	41.64098426232581
880	211.51232137269847	358.6157635653938	234.59572146208478	30.624169688363537
881	701.187371747981	12.897033634744389	372.75179891385295	41.41165504479795
882	833.1842126042086	539.8065528711642	902.5255446916977	42.91104043458711
883	805.6045796766448	818.9152288750035	34.20084264232975	43.99682479958983
884	826.8001734101733	76.60489052265804	880.9393006843816	49.50318759619849
885	324.863415694808	799.9914013347966	651.2851210163793	39.3433341918888
886	34.021799780891385	756.3298705041257	-46.77869308604283	40.88477803544778
887	124.65909400486905	139.875226532529	781.0702903235407	36.26317579832091
888	59.31720869504369	181.37671229412774	800.5546342679135	39.4775485247645
889	722.6098717944208	51.866057116091085	200.1245805853703	30.194640145373334
890	244.0809003611754	739.4300669614566	1027.1768784608905	30.73562295091534
891	306.1450741158952	549.5275004636973	716.1734388257653	39.118455617741446
892	820.5098055262903	-38.228677326382	258.12415023206154	49.476769998056504
893	410.90154743036163	-37.373902249712046	827.1217865483605	39.43807126143632
894	-28.223339603367908	517.1194918382716	-18.11288405971112	43.6236599538007
895	477.4182712892515	639.4862574525642	667.9770197145227	38.48375874268965
896	280.35285905420267	437.3140273765298	488.5423720838596	49.02946383139557
897	155.68335712168033	694.3022833892613	160.11587204856679	33.29568699105457
898	-47.977616547980524	408.8382698029601	978.0818465710415	46.289451983845865
899	101.84430377767612	44.53974660767713	321.8792440986862	30.746668028317117
900	247.88482741988997	655.2568604857332	154.73549212499708	42.04665051856802
901	216.2157204277063	267.71740427457064	1068.3221745629855	33.16730088540478
902	123.39662844212097	357.6211418056244	238.73136136422528	47.0091178915325
903	32.98993770820533	302.5409443806138	212.9043043837109	36.44761325373578
904	753.3265096928343	227.9623864249878	977.6272628539084	42.98097958423388
905	784.7835474029223	75.23671870000268	940.585588394126	41.72221315395312
906	844.2055306985073	539.0518268852952	520.7347287534379	32.963020320703784
907	885.5577895473979	597.0372631637098	476.3427748212496	42.123524781468916
908	163.7343382422407	641.2067077038155	22.025730285817914	31.09103442950619
909	295.77325018125896	11.774807763298675	210.6027847289683	37.226350226431485
910	809.6962784642634	128.2006372363696	383.4970921502156	39.89647444736879
911	451.310301939323	834.90525069543	718.7587995468153	47.690450018331106
912	397.3483717094109	680.78685511352	586.8841327334368	47.79751543993721
913	754.1967230650237	798.8739795936024	219.65282283320153	37.26458176406379
914	559.619562052178	263.5040429008609	-28.637548777467458	43.39299260589024
915	331.27351983197	881.2524504911197	367.7644484430938	40.0088847939162
916	516.359780197971	644.7961220096843	-49.76992103196585	34.17650086128667
917	512.0452470664503	843.398234489759	25.33658940311571	48.14914360413408
918	84.47530130331103	126.1237534571004	176.85883696897622	46.51823901237213
919	322.6081051948597	650.1900227814903	105.38605959147861	33.66267163177616
920	579.7277765330688	210.52128338099362	436.24086288011205	33.39927388684059
921	-3.4848739042785652	270.20012218577745	-38.62634963203355	44.788340915588236
922	838.1610115482811	229.62957361458285	798.7368354547345	40.086954091544705
923	650.5008538755425	399.41424212211956	352.6820969804845	47.04342627706829
924	643.6721124849472	771.4215468774589	1033.0578266476628	32.36728069400079
925	883.1098627989285	384.4389618664473	107.89467959727409	39.757946755894906
926	389.6551911677897	783.7820865924622	1042.498411402976	47.641244939566164
927	49.847186964592524	43.423471771926486	899.7637862396401	32.92673670206936
928	555.4358456286599	591.7824107424779	742.5485993105057	37.12642502024372
929	43.16928324606522	159.50701805952	35.91346093062634	38.294908888030974
930	367.1369623568928	191.8486782328596	568.9530061354651	45.98222109061075
931	215.09452953553432	95.74249300585703	1007.076899264933	44.22945521259058
932	72.48304622576954	230.68785235690723	788.6852794188827	31.421699680665178
933	398.89202698237386	655.6603095499228	1031.037640529728	30.454708471884125
934	857.620301264663	420.5106644114153	142.69828235830857	36.481204230748965
935	241.42026417258194	424.58088251042415	396.2466102573001	36.55374088723005
936	260.5780728471596	730.8733404396681	35.123412582683585	34.04968978599062
937	222.46792776420693	-17.302882445094056	995.5770178553992	38.79814074079941
938	105.56693058213705	703.4478520088023	403.2367956683289	32.8150075716299
939	804.9178923607126	551.385576368786	857.8998228016966	48.2145488423115
940	576.9517626807957	215.12567003489386	623.9340757460095	41.488951602650694
941	-33.84777443310051	10.212711722247477	318.91076015298455	44.55071133848224
942	60.156093273160636	558.7073811539498	57.7298493395669	31.22483125672399
943	51.59398106729964	260.8123892288161	713.9182899787805	33.5626346270749
944	718.3048297778222	76.19870186324013	696.8564795787084	30.37020019730558
945	215.5808190684433	824.9237015795454	471.87992222434093	35.10686817667225
946	699.3308508989651	381.4594763650427	1018.4582509328131	42.04551339591197
947	762.3554182306966	84.56197624567977	312.44107256167865	34.42604932745988
948	395.5920961888909	326.7441331024796	518.6594904006572	30.07736685370053
949	190.29172738824155	790.0650141301264	506.1109186705395	35.36511294209953
950	-8.29033203592428	360.60943238870493	472.80704611110116	44.58742526838289
951	798.3374494466958	240.46895948770958	485.9344055616034	49.20518828236272
952	885.3559296266831	269.464891446582	349.29370769942767	44.54780145544767
953	477.72738438191436	848.1721677934602	335.77948711376393	47.64434016678101
954	555.255288349179	82.14525087911284	531.0623242464607	49.828497188840174
955	618.057340042654	355.9520576178073	38.495164540244105	43.7830888781356
956	389.17741934666276	22.095774179732146	566.664039361957	32.79257562727145
957	-21.023068133250796	422.7163690771727	971.786778113852	42.81356383579357
958	897.0345765864183	49.50988024590748	612.1457456469848	33.457154723547504
959	798.8425962800798	740.7842735831765	523.1113003791686	49.1662763008442
960	582.8453981024121	93.94100413602624	118.31537630759425	30.46696530121151
961	843.1275529466086	844.2517759313854	-33.370587260597986	44.24516565557361
962	537.1989837939425	691.8796620938723	14.352398150999036	31.77912180272374
963	426.4541476637593	26.16617747773023	887.183954618673	41.425081316566455
964	183.71229350823342	513.8625688743006	34.982694831167066	49.616266425024435
965	278.9296206462894	562.895399143494	1042.4312828072802	43.308004457441974
966	99.76930931408421	888.6697142358715	669.7442798326524	30.189294339845375
967	-23.63156799098729	620.2971211110655	141.707339479408	44.5646538358716
968	628.6616903004706	62.05997372378212	799.7744140643618	36.078109159630245
969	224.36264916725696	805.6628826055249	804.6403450616554	44.49847990529837
970	437.8754434284691	575.1065965674428	819.2934393997978	44.100456345750075
971	247.60416960780634	-32.50776654695456	159.20324023760722	38.49155610984515
972	-33.90031336745186	622.1633388188804	655.1688428522156	40.332113184089245
973	281.56110016213796	740.3560259141012	338.23741375573996	46.354198189937506
974	632.567003960354	7.474341670632974	79.20332283466652	44.07904566784156
975	653.772189845679	376.3784181399811	973.4841072279405	41.41876179902508
976	803.1680270845809	-44.798286410440014	445.8716942296096	38.379820324127905
977	628.3705186382826	463.6671481847293	827.1248224920138	35.63361463376683
978	469.5160791184685	-33.36375814886831	552.269556026385	30.913437016679836
979	595.6482712820913	657.5869036409157	810.9503940330166	47.10928079909269
980	677.2127823881285	647.7784680527692	149.36179662994383	43.1449481188935
981	338.8680485762887	155.84000659085487	364.57165856600346	35.73446467257203
982	597.5476428313503	220.2496350138578	708.0354997233941	46.01576142161176
983	772.3713230666535	353.3825450986041	112.51472073503825	41.57034142242058
984	35.100994491207956	154.14589785733858	-5.444807944492062	43.46935173882601
985	856.0845016053005	756.9718490121036	664.1938214957264	41.698475546794704
986	388.6756633057045	74.06192961550586	504.6800090383324	40.3574726821174
987	371.38672667041783	465.710543440534	629.8767931202905	36.540647697823715
988	806.8441927668924	321.5261694570836	490.6723444416831	48.46871378567261
989	491.4842232388886	522.6398441855147	982.8073246413437	47.972879030338966
990	110.11513353954521	278.739745099597	15.671799229505979	36.17509426207995
991	689.4433012191173	677.5038410547284	1068.857880401567	45.22200466775529
992	80.16397245935849	642.3601446685221	526.5283384979268	33.83229443807588
993	329.6743545305539	129.6697121000009	184.21360119029393	46.60554176871773
994	617.2795204453919	835.5205030664238	914.0979363806408	38.87443512650991
995	859.9872394831785	709.9884756479989	858.634590387225	32.75416571535203
996	378.5868894381521	27.436124945921392	551.9580663537363	39.62993827533304
997	529.6933970057249	435.14539817424156	-21.43917908968249	44.61733888209566
998	670.9437251937964	755.6197509580486	587.0713029855084	48.04787947900442
999	641.0352009506912	738.3106397667447	303.00834221879666	37.353259433790996
1000	847.4286770121447	858.3898673442376	561.1916109878154	36.260233118086695
1001	581.8582215757231	847.6548225778419	426.45119909763895	38.8871162863358
1002	13.930847359754715	713.9511419725516	1028.9141487973811	42.75697462340753
1003	752.5020953591129	575.20930824748	720.4315727645768	44.616114446507304
1004	278.5859288989744	104.22507389550219	602.1919090975458	39.412706897394656
1005	862.1135667128863	626.1885246359981	639.8779252997878	34.10542473127891
1006	824.0734902711176	542.6563135502214	724.1021428368887	47.94131088950212
1007	-40.31701093625301	675.2537535693364	400.51505740691675	30.37708919241853
1008	420.5761293102101	190.12679596513635	220.09353337922397	40.56451224352233
1009	622.2368896275041	772.5621288884512	380.6224724023575	40.705414950113166
1010	547.7061836523392	608.2541573289332	211.52820913755056	43.94823699144297
1011	891.7276677533531	154.05274519792562	877.0363718707821	45.94431745322331
1012	114.6867729128312	287.35257339318474	588.7544535588197	43.52047869612404
1013	623.9114468081117	883.9084008449809	549.5901161342246	49.84893107449994
1014	187.15754357923805	456.1747467056807	880.7638285089241	45.19370611336009
1015	140.65122265545182	646.1238842578989	693.7594524231307	33.850420197411616
1016	207.9900992157032	378.4066314410129	531.5978009920378	38.72642548504436
1017	171.8001604793499	706.2422304011494	-7.604154555875546	42.98015475720209
1018	846.4882953980274	543.522861076013	219.51239340744348	40.329064065431034
1019	645.1322368857868	674.2133354550285	615.3102186927458	49.54772265974564
1020	70.10521428198054	774.843749343401	257.3534697948946	46.49577816701343
1021	242.02429537009357	750.8909273674643	794.2939454035663	35.98127436970359
1022	568.5980594663805	605.0531278739671	767.4519678735417	34.15539328569902
1023	27.554847892192882	590.981380820682	169.46005535750842	34.01709625221051
1024	678.356497630708	86.7275000328913	273.87949311205483	40.92828389994054
1025	558.2100787181215	660.1469295987782	1006.171342048036	46.24517877230944
1026	232.98664174556887	716.4729096510766	638.9959034494741	45.87575127092707
1027	102.82739034514242	593.787713415041	776.9487619395453	42.37696931700747
1028	574.3864304803064	120.13397752642953	530.7775354881533	42.10721466082237
1029	463.6639943635987	416.50121439756504	624.5188529774562	35.863881564103906
1030	194.78427974260072	341.28883206380397	492.4962854621026	33.03187678972633
1031	532.9572710240944	324.61236802152774	676.7604907875	33.22041790658871
1032	613.6468479002712	562.2153847188902	722.3583099291659	32.31506372542771
1033	327.8413805233999	333.5958254884824	911.2276294900668	36.88927712205786
1034	116.17070424312666	860.4131004528775	406.12758001633205	47.74927692868468
1035	45.04580441628292	744.5317452432123	88.07532591337338	34.53758863338234
1036	60.3009053871958	885.9046059567441	577.330104323775	41.661080036257786
1037	424.57314418524544	552.5709471694104	759.8547270870362	46.9790075837345
1038	484.65924486829726	95.32028896203076	1033.8896970665705	36.207242954259556
1039	537.5907626287911	776.5594478135919	1063.2569082134894	38.825672086052364
1040	93.63035517278234	354.99484095593266	893.3859940191392	43.62138413594384
1041	551.8750314534748	601.4545193552906	646.6735559386302	30.24840853912792
1042	206.97115110691396	773.0354197439881	1017.6175358630276	35.36159142794327
1043	295.8187543728478	633.357772673882	787.7390783329521	48.515294542364565
1044	56.12845218453788	108.63278642274346	246.20990852474995	47.05197377590076
1045	379.8178473233055	834.8906748812351	554.1036668727394	38.03253053112838
1046	112.6296455857474	247.58061708924686	-32.034426103299	42.40648397858663
1047	162.5705281701803	471.3319129748387	-49.79947056084862	47.445498887263085
1048	307.7497401297004	891.9569186850373	632.6227981056583	49.38851132451761
1049	11.611356269220138	30.394739798530793	728.5502383237165	35.13933828357162
1050	510.5746581562886	793.2036347334088	847.372427271018	43.56129872521739
1051	835.151071308493	785.1694417697636	812.9744297748117	30.009351531367813
1052	99.57938661883233	356.38004686069326	214.36629754437598	41.96256841918683
1053	73.0890213690091	62.797483887040286	-44.93906070884247	40.23892144874395
1054	617.5858212033113	36.715296795904365	992.6486147418564	34.366744296468205
1055	719.85620484724	350.7104365188454	896.9923908405907	46.38808963948473
1056	45.672920236764995	90.52515286579316	407.1141066942665	45.415285075886274
1057	574.3602810485639	430.6066372966894	925.0892575291048	37.586916899614344
1058	551.0513854284657	5.365435031776279	124.90583818285083	30.71631961782272
1059	505.42277223686415	689.3209101981082	919.4690951702994	44.00255215400244
1060	589.5930660958929	753.1468672675373	1011.3008617336843	31.814096049443293
1061	863.8544381914311	707.0932964250097	407.63630956674774	44.354285310892536
1062	529.3256975973889	448.80442341916324	722.7513817824356	33.91831378954826
1063	791.4621918225752	379.32845330667124	1078.8753914494066	49.94740168495565
1064	811.0768831192217	703.2784209603561	532.0850148827911	43.36212344828709
1065	806.7006682464624	676.0717233682573	57.79857590158005	40.41719084704934
1066	789.6109718084213	233.49468942119915	147.2309600458509	33.711911774550984
1067	417.0598302767818	354.65139181783996	166.9678954789611	33.72729070809839
1068	266.2092443574999	311.58234179489455	978.1584567096074	40.56460055669157
1069	618.4290457639122	696.0115531743904	712.0250834496195	33.56829063758484
1070	706.5311841138395	744.1482125740666	491.5927860132939	36.799268447534594
1071	640.950190543602	386.4333546987247	476.22540029211257	40.493248750158784
1072	638.3553081541141	198.3636131683466	115.05889936419806	38.7624086846399
1073	216.71887600148432	463.3059283312333	938.4811322954696	34.9926576933146
1074	83.85170220917746	18.26186802784848	572.5435095818438	36.76143356524582
1075	488.41722238092166	701.8434525227148	580.2617990011953	45.02985808778802
1076	243.5445411956743	623.0091551656408	988.853120353305	32.93432706854388
1077	615.3152679774693	481.58934136097685	743.2093079998097	33.84671182145894
1078	53.793687759880996	376.1317622266505	-43.36802640193819	38.76276618189763
1079	318.21325045942643	455.0817678400463	717.5655918388409	32.36163687653351
1080	574.3004591088969	745.4416996543902	750.4220296163677	30.30194912946215
1081	304.40647700339326	555.9638002807636	190.51197116002888	44.9183058518852
1082	9.170288043485641	269.29616289853936	54.379653946957035	48.01199699099438
1083	58.542766273318065	856.2440123997525	520.4283488796219	44.43704931302914
1084	608.7959863866798	-28.147445978039503	549.1753626826999	35.51046886775364
1085	458.0540677122241	616.3362493252721	519.0258068830238	31.705952027789557
1086	-34.5637594891433	564.1651392737281	904.1224484188559	49.149798399530454
1087	570.2232178481394	-21.99317751146348	1061.5900761894657	31.585909639826053
1088	132.2414622460012	475.490034354301	286.146457204074	47.08267881363907
1089	3.894907752461023	575.2578871507598	-28.01050521054292	37.183959489874
1090	319.1749554800611	88.72375110264403	712.4755176233122	44.015295101454896
1091	105.99768070754203	553.6224925969408	186.16034538051392	39.66197856048778
1092	433.0486579587183	309.12651692313773	231.1525318621862	34.60934883561191
1093	495.86656806449537	469.35886323032025	918.8161862768425	40.06664938488798
1094	-22.22478423386396	366.7188023469562	541.1307454429998	35.51801160214227
1095	715.3100401661536	725.7136041464491	575.5507835738986	32.592927186950284
1096	263.3960985050763	211.27024952507287	514.1153716728768	40.63182083698574
1097	653.532861315639	397.8357261974962	429.3218038709896	40.30905964940434
1098	880.5755199128658	-44.52866257533588	453.7430202639723	30.143180576327875
1099	775.9911450863283	891.8166834835549	564.6001376629323	46.657339312994495
1100	627.6096979391002	293.3081229727094	793.4085199371523	46.415767298423404
1101	755.1967579940821	421.16393408471333	1022.9208601304804	45.662214791012964
1102	402.78905616534024	235.2560326759559	445.6754895434977	33.938402504698146
1103	898.0530972807584	411.0435702993188	686.4581854439635	41.24708768682253
1104	149.05936783090104	551.0694247716723	587.6346207694074	34.66509235692661
1105	843.4322981314913	640.0940383290412	991.72020400628	41.48471650379177
1106	149.47539883046898	-10.376943887986307	658.5080730290715	44.587142235755586
1107	699.0543459414437	662.2518283914496	767.9904512419797	41.54112036622312
1108	512.3664704734655	521.6430048398447	-7.665170362292876	36.826511958334976
1109	-49.09938910709206	592.7893205443415	1011.6639110843455	45.204248464769464
1110	884.9469302582696	714.8951276589362	989.3002147756899	31.35111857709977
1111	692.0629527491935	267.6193208523841	201.40894376561545	37.45132560420259
1112	110.76975813622477	187.68044006559808	531.5423374633372	49.45165286744773
1113	734.499178495159	-40.27322986787239	992.827836760637	38.88435428834046
1114	440.53048660835134	487.56453854617916	496.6404556255533	43.268905381727286
1115	752.2512862411887	271.59312748146596	57.32307844814618	35.014125755513575
1116	422.00632104580063	746.745847615467	396.3118585771269	42.12328802848262
1117	848.0397332430936	136.7036866277168	188.39550023353212	32.748068819585534
1118	575.017169734119	707.4580193555978	988.1856013675538	47.370352565470796
1119	355.56191669564254	238.81422779842813	296.07168347116544	35.01485739065356
1120	605.1321976446095	78.56109474279972	49.668536692290445	38.50164388970157
1121	351.33230819906044	486.922834293469	450.42553743418546	30.53748066014361
1122	192.5014186970004	207.17187395253666	30.4527818486022	49.25402320030604
1123	51.34566069068565	87.66302994187771	22.778301062470234	39.5284689241438
1124	298.4738681142227	721.8090100098917	1014.4207934190474	44.83964391182482
1125	448.46992949539805	32.12709453124988	68.28004829099926	49.23050149195915
1126	524.8260018820349	150.91984201761278	376.250874191081	44.53991184237681
1127	534.5442339679173	789.5880305591392	365.2622473470831	41.114127970890344
1128	56.942941512532414	386.36509281403954	1022.7084802598661	47.1932805928737
1129	433.559777864695	725.311324592901	522.3278436472657	31.36780972477935
1130	594.4099834072451	773.1877032558374	422.2803769625905	34.839851992236476
1131	732.4615387035852	247.95010329922007	565.6156680979512	34.17252982653146
1132	834.5034465361942	636.3304208444044	706.089892979352	36.818163318755765
1133	427.57670507593906	672.2777577982878	512.3795131458518	42.354082284438086
1134	-35.079115216834	171.68580255176366	528.0507772228963	39.408452420735344
1135	257.40004752883465	696.4196294634581	189.5052354326285	47.78974814290006
1136	552.6163228202394	226.70810069980388	668.9920667103631	38.2331423484415
1137	393.89432230459465	605.8422839660361	519.1857818004851	46.031173411611064
1138	604.8972437051066	262.8175184488544	390.7823325360764	36.131176704429585
1139	192.063670913653	644.6208639522057	485.09021269156335	40.939130365108625
1140	-33.26719950798146	545.9908725003539	764.0316921645085	37.3574161337416
1141	250.85435802909706	65.40072462637167	661.2383285421004	48.38150174104348
1142	511.50808846305074	819.4526790720906	930.1472002892879	37.2695234680499
1143	425.8272408307054	253.1615741084364	466.1421569724997	49.94268541077086
1144	414.67537845253975	206.15778369987964	872.5625737854227	48.93027065436266
1145	483.832607831808	73.79530249687043	920.2807534548415	48.26156106636744
1146	76.27876201789407	203.5201442343595	788.222276172305	35.451683376244794
1147	793.0144608934019	583.5508608826267	166.61585424994772	41.5590651668957
1148	585.0263070864521	378.1805196779785	752.5309122152555	38.43150526662779
1149	321.6834098675455	460.64298023656465	953.1416547011257	46.19656951726819
1150	157.5329113073682	893.0600841129516	129.26490572045563	34.75197690335514
1151	55.453577821319584	856.379812639906	514.9312278096434	44.83981133293968
1152	595.1017336862302	866.1240520097322	-13.492528117230705	35.261079093860694
1153	240.0471161440621	194.74175342476897	809.5407991412045	40.23090475881212
1154	527.3447943097652	-48.188203061498676	399.10800335842504	32.472093206584894
1155	332.7421023409449	-11.882338578401594	1048.9958686068696	45.4226613285104
1156	377.882413661195	68.2723529856367	721.0518149238808	36.46630264374224
1157	53.239018082453484	732.134083370195	975.2029259301414	46.13139207295778
1158	747.8292565222398	204.30733648722025	88.20849938114952	47.4645385143331
1159	893.9226561279385	172.3008492528629	315.6301219181752	44.59680722461819
1160	646.7710833096685	269.5393188566644	568.1160801899442	43.078461094062355
1161	226.47077973140313	805.8862027542133	317.6281283381932	46.712928202203095
1162	181.72910048351534	372.689410848391	399.16964961034296	45.26741279334516
1163	79.09162649772819	201.42599663532735	152.350602877914	43.841399218124074
1164	-8.613196336128176	400.38694514861015	615.1488265198207	35.01780778999925
1165	312.5485295575132	393.16777200832473	617.0548435007469	34.91584940092243
1166	1.3276026229383646	100.19234770583842	961.4596252620154	46.479545926932204
1167	93.07060530692169	536.5557822533149	133.0632612202212	42.96093534875661
1168	338.47518468677106	712.1202380452066	104.31134570911107	44.49064399805086
1169	753.1772181748953	545.2821296402029	317.5009960727315	42.957808492314726
1170	163.54313824274655	49.92148207351427	113.38241881736849	39.285928358727034
1171	127.3422050749727	833.5094416712824	-23.063247636770047	36.55310264599472
1172	-26.49986543519671	298.15250448522096	856.9093263188412	38.286731631639164
1173	33.149313831767074	59.7461557384657	528.8936694764457	49.98538327656907
1174	-12.49296922211461	197.07191028870778	493.4932717651809	33.34960246206922
1175	612.3738927700717	526.193546952918	1077.034233562559	47.1532877646147
1176	747.6877112303058	1.7105917291259516	976.8128280178612	40.758011656278235
1177	311.8519121931884	558.8896817340429	745.3553669645712	45.720255813698124
1178	340.70823375813313	629.4058390465948	865.5327724005642	34.788741981409196
1179	860.6255422808341	557.5721764261028	812.6494752461439	33.749363935058966
1180	255.65717556313535	707.2864566634421	449.6831423042778	30.19734309383488
1181	101.56873092794092	610.793179733529	643.0164770989452	35.06171868155796
1182	856.0681633565307	317.0764604379577	1035.3449974391863	36.504706236679766
1183	538.1848545386431	307.0756924595836	288.3647148978889	46.08016695087666
1184	154.96326243877587	140.38949395037315	642.9060214688666	30.789079762089845
1185	437.3742801856014	371.040485075168	921.0697115542515	30.500845409224105
1186	717.2053306253686	494.87286009226193	488.3349241860178	42.432294881501036
1187	72.64364227207322	744.2220550207774	945.6220438562934	45.750791105102465
1188	417.5237275403332	548.8299079157748	60.768536841576235	40.9361841929402
1189	818.3063678156271	140.2121011339643	899.2922547293355	47.32982514192738
1190	425.54926464193886	388.2238951832638	788.7068389779581	30.3765614299833
1191	577.8795757366238	716.041572737732	211.8091590075308	35.15117814673809
1192	234.24889692634304	884.1772950107929	469.29577795415685	45.98161299201655
1193	-39.80929789387368	458.0321359916258	5.72629093411701	37.997575931174666
1194	201.12240060916886	646.7775539689829	718.4504612495895	48.75030937523593
1195	700.3403080444789	485.3309951063884	881.2697360838148	33.32789265780797
1196	38.97354927021178	848.6525346656148	265.1772967413202	35.26066834997904
1197	249.27615298489997	5.436083387022521	26.036380673788216	40.01938529308603
1198	330.78228094044016	318.3180437862955	735.134214448351	30.382531189648656
1199	14.566213287320195	110.41747523422401	874.6761524093242	45.07693010140764
1200	199.51905427592004	145.78720243584942	600.5998378894078	37.5775594682063
1201	9.022133180786795	550.4294426786114	1034.2861853322463	43.682673058513316
1202	239.11235389041872	455.856625417546	458.99773439103575	48.46547544880086
1203	880.1384702584232	856.1518776169756	402.86894147602464	43.77132279675331
1204	427.66593355639253	668.515710727335	449.82592522349773	47.73589475485548
1205	518.5580826587766	227.87443551933603	442.70139733852915	48.81567486222031
1206	284.6972104525673	288.12803515876175	-34.36007031623737	38.08916378623529
1207	595.9710313913365	522.2138554221658	259.6613509987912	34.29423342774314
1208	206.8691617218504	187.090881642743	825.4851484699258	34.911440891280805
1209	89.53790948951624	112.5818481284675	344.65057614778436	46.75846385617615
1210	336.02762801506145	480.9295271378778	803.4688683234979	47.20242469172997
1211	16.986898176388934	70.73752915659938	880.1377028162738	38.08929118246599
1212	144.7915614930496	750.9645553084122	1027.9107767972068	37.9542769359011
1213	814.7872871902808	805.4601598101203	22.582469920441255	35.0032967857383
1214	325.9774645237032	422.448038039715	693.0372477020472	37.85375268105511
1215	861.3134462212299	408.4207278948385	563.5668630024969	34.52501155138831
1216	753.8972425600721	513.9466798265909	199.79755783077923	34.47348128514492
1217	689.5346177140073	113.33545214207427	960.125512189509	33.96184987299455
1218	439.0160644385164	47.52476015873185	42.871439422843295	48.95044629904902
1219	243.8492803635632	191.6289730050666	478.0721241346382	39.02178600388898
1220	169.7357865944123	893.0929627177843	348.09738325826504	33.7324031215269
1221	643.9003672797812	17.952540290606493	871.3798665958922	30.17634690184438
1222	307.82269610384725	472.13178722235386	-32.54677751542742	43.04863764383502
1223	879.4122929373103	737.0354448474259	863.1653503600656	32.073779629420144
1224	745.9259480900453	212.63857915308625	-4.6454916232953	41.37091738873914
1225	694.1615451630386	348.20122063756526	508.93878317681686	46.823111278318
1226	376.42023568474843	892.0161907779658	90.29180198480375	35.96634002337311
1227	82.71392745791488	495.28708535126293	282.3960977737705	48.10150946358555
1228	479.5498766555787	633.2394818758627	185.0122036347264	36.32318370545488
1229	415.98886575692575	659.095341981144	848.1660590288254	38.72123043102974
1230	62.41844194009215	896.148388686766	1034.624980903307	43.84691081149445
1231	156.89402879571722	850.7188994816055	841.7416411447065	39.584964375082876
1232	245.56605138167203	198.93444684581195	689.1386626081858	33.97499429155298
1233	843.9168006659389	443.34691368322893	736.540363660824	33.82342036550271
1234	553.6852445885813	400.74996105391983	487.26113677748526	34.29819508246489
1235	291.55040253866594	292.5200586991539	588.0985050004448	33.083289490531044
1236	753.2713152491273	790.9227339774363	1060.722196653942	49.96209409393401
1237	502.6541091251462	669.0910166933254	3.1487030122769397	34.99744861345126
1238	570.8056866195129	220.1280894190786	285.96329963280357	30.657258757519163
1239	456.74032984860156	837.1606780032075	326.1855052093918	32.261544682347576
1240	179.47396296313778	185.7431413469579	252.45627496537185	37.607667219527
1241	796.4406415852469	157.90805768483102	370.29715970263754	38.55232693983627
1242	522.5738854837118	751.5014140285465	140.22396312239218	41.73078563757878
1243	167.56834254967538	306.2852913679156	365.73984887957243	41.33616653614054
1244	2.0862016384733053	351.8176685982695	1019.438282583463	39.4500042214182
1245	429.7778523191402	280.69958781243355	862.198937233381	46.19758148092605
1246	88.83869160711754	748.304531615016	1071.1556813456068	39.09414691496887
1247	49.960058854694566	209.99944321115572	170.74756010248407	46.15704999474114
1248	-40.25607729065693	66.7724684772661	968.6199761065527	33.538117896132846
1249	79.66409384589997	180.75879765835316	521.1442505013815	32.86218145999628
1250	68.54180136629697	785.3460351067051	390.631348239952	46.56030579964849
1251	561.8880837057735	588.8445475744136	568.4033567999275	44.92373218278151
1252	356.5931642451953	509.9463515573252	851.2427227574593	41.410809823787325
1253	534.9811958568582	413.4547151753848	172.32840381261525	44.9863058285687
1254	441.6946691630741	181.06267630671508	264.7313251323584	32.5430426044702
1255	-22.557851291132714	505.4251790049234	588.9671859853518	46.29499997019395
1256	240.87716015295973	483.6330301061381	936.230360798584	48.00555720520943
1257	594.986659404334	733.3315761670661	839.6745715197443	30.19552714324228
1258	769.3601745893062	108.05843435647378	394.530699779783	38.77888449257564
1259	601.9686676839556	436.2771017201807	935.2058709240555	49.54873601573175
1260	72.43818441585665	375.64972108231615	775.6916471425528	36.369846451028124
1261	631.614450655962	895.1016062159774	361.277760135708	36.63284994079919
1262	64.58805013174837	693.901584402831	559.9377100868937	39.43272673446457
1263	172.31978090335375	8.699877970621465	899.4062021354765	38.45411971045319
1264	620.3173333148219	332.6903293408095	60.94305060436817	39.81338382869764
# EOF