# version 1.2
#
# Settings
# volume density = 0.3
# image size = [ 850  850 1030]
# particle shape = Sphere
# particle parameters = [[30. 50.]; [ 0.  0.]; [ 0.  0.]]
# particle distribution = Uniform
# orientation = Fixed
# orientation parameters = [0. 0. 0.]
# edge treatment = Plus Sampling
# inverted = False
#
# Number of Spheres, Cylinders, Cubes
1269
0
0
# Sphere
0	315.42072743181285	837.4175565758355	450.24525951279384	33.10298362217513
1	655.9585600642654	537.4668481290381	153.72531571485007	39.04228222483487
2	254.12494784700408	435.85154922888864	400.9334273769638	47.64841791419914
3	645.2910888526717	92.14883439841742	586.0736203575199	34.747740001666635
4	277.0472983200563	571.4029212780943	-25.824022163376043	48.549032197058125
5	827.5390649250276	119.83068221427413	287.67174761855483	46.8266719643496
6	252.68746971364584	27.74930189137193	195.72804552569468	36.7017552081679
7	819.7301752357847	110.84547087045723	683.5054077181965	39.54736608319773
8	182.78568146805796	643.7699673676366	531.0235148726408	46.08113563368657
9	818.4339098291416	192.73557114885713	815.2741296549012	37.3801165633403
10	434.1306509901815	243.1656582806295	820.5285803132944	30.909198325448592
11	431.84084030377744	199.1982345922729	640.1340768320475	38.14833101216869
12	260.61142132219715	518.4054811760573	254.68641324153924	37.506302393922056
13	650.9733819769958	55.619485694162094	671.7602995609645	31.137359749141876
14	740.4856971789968	613.814407677654	804.7230953997871	34.870464525631384
15	764.0350427836976	793.3207067767144	374.4595370073237	45.38264149105173
16	732.0734561394752	633.8474133759873	1023.59421121885	45.65812994995248
17	57.34454341389943	575.5929747877668	136.8648344008664	30.052582201948255
18	105.08198940979204	848.6951516446792	349.356842024485	47.1644874130083
19	476.20540621031773	878.7672043765327	610.4800528543188	49.884114859172556
20	358.51418865382084	369.30094529305484	844.6387671605742	42.37074994659888
21	122.7214893319202	830.9065949464157	570.667058477286	33.24708933400344
22	575.6249611788504	521.3219677869133	721.235661762943	46.279354200444516
23	566.8936286448838	795.4933274192235	291.951153795623	30.805707960183668
24	553.7769873782556	655.3603056449654	314.48946856343844	30.84842059238583
25	802.4196444078017	157.19664901413864	613.4293183067215	35.27209395346591
26	855.5143353094239	475.534284188744	452.468527963174	32.635707944626866
27	400.58367907007903	161.9442337253941	53.788521045057564	36.25105114522123
28	431.1747796922676	644.2116197297615	237.95885829346958	41.52424159931827
29	328.3745168144934	495.38549636413825	433.17845736060383	31.759258665538358
30	381.83253665977384	374.63723855907995	39.409434204403354	43.428356475836516
31	389.64979945935363	231.63993160862464	406.67003453649977	48.819590716113524
32	-37.019047095908256	888.9112250241607	1053.9362064119216	48.54031147033668
33	750.5730938825121	880.5188472282704	84.85821020843306	33.46298427492444
34	395.8495088128506	40.28779301231947	572.3199471048881	32.26963188164687
35	402.7091520042044	749.801288245759	579.4544793483942	42.6506032491472
36	194.84723014338263	408.7181509516955	463.61700143475707	37.539402524245766
37	616.883531149297	362.6576531534021	109.14063123243804	38.24733301837236
38	186.08105060278413	862.2826201630279	213.20294510870724	40.77157978421833
39	450.1918310394004	250.81743761974457	322.70367362063234	45.68063590135597
40	405.4532151003822	878.0716336743858	724.0392041037968	43.50535009530988
41	34.19695368964793	542.9478955285449	378.0048089542402	42.709954657230355
42	287.9264330403346	603.3215514908884	947.2857176557402	47.879898947117354
43	404.843120042946	664.0401167943501	288.4573987343473	47.10299979242201
44	549.0979509919689	43.98222294012972	354.1958797995993	31.46280061145954
45	42.91328827408597	283.0372068548126	64.54362919899222	32.60958141004504
46	34.058726738790526	424.7661759788956	312.85976548248465	49.049130310226445
47	172.42762715681354	76.20670772830383	940.0423058080161	35.397216093894066
48	724.5037276333103	-49.61066540223703	957.4813389701369	35.83690695563779
49	32.830747042922496	632.6894168327626	135.80304008302173	31.907570367383883
50	631.5532385204616	616.8427938683325	615.5053431704913	40.591728353164726
51	505.51763738880675	355.22590500605986	81.02137380030376	31.63051662317153
52	731.7182702896899	58.89407691219502	758.7620971606734	46.46468304491231
53	466.81220684514244	889.4484207095908	702.6074031818112	44.34437638554301
54	546.3143773638454	741.7705382939898	41.19469563919537	41.91938685310641
55	145.88038714743092	-33.14625260428177	875.2409737979348	34.736646700590995
56	224.22703399810024	688.5217695584976	222.96069798889187	31.808810089667627
57	389.72345884402534	384.60530876213653	629.1162292038356	40.13531035896484
58	-28.82761209683352	350.91932751087194	996.2578441183184	44.777491065838404
59	262.89542442259017	-41.455473486617635	953.5860210831711	48.6702370835193
60	756.9711963802448	20.9248522191547	-23.267749989979563	49.57880123228327
61	509.5362609947879	821.5790454344499	523.8853004234446	48.43027136480324
62	-18.796713701390264	-26.860548777000464	916.0083542357179	49.33247908568994
63	470.9455683946394	285.41247959408366	559.5116049123999	37.247788754098494
64	142.3040157815714	543.7340520503177	62.358995273755355	34.245661497128125
65	32.307661325598275	819.6475425581183	32.74605055884852	49.19793589362121
66	333.14060219449055	801.9258067774668	579.7604571610307	35.76826976819752
67	-16.36256807919645	600.2448057155182	15.773299742962124	49.27696370897778
68	447.129970137699	734.3827407223846	168.5057006861885	47.93679439743576
69	585.9104114780977	207.96075904349635	466.52067552205165	39.09707527554633
70	742.6590099726727	559.6581767495356	312.0900307869371	36.784119642363734
71	504.0292019813088	626.5698458320838	562.853563693486	33.12377762625095
72	16.399888280562507	263.6466020491725	671.7102747147094	36.37382260784416
73	118.03181073778751	227.78874028717115	941.5082821397201	40.205524910785414
74	212.25041579422884	153.52982501255786	-10.493256348595729	42.59237009302783
75	854.8791633100896	544.1051327902619	326.2148820281242	46.14668344236838
76	105.25669140540708	124.17397768863464	164.24016307884344	35.54302807185263
77	366.77306598055304	829.8901811471467	348.44355947341415	40.17761901948172
78	286.51037933980064	232.54267694191856	930.865738145068	39.62146389370756
79	725.4354245891514	445.5417829529756	505.41796082697954	41.92753012486337
80	815.5744943828408	892.2338440101445	477.1460589334148	31.753425953995237
81	567.7723837054407	580.009207234801	570.5203889186351	37.597554090144634
82	62.28810188749118	484.17507109459314	997.0178530431822	43.31596026590351
83	655.134503881232	-6.249043832141396	867.8643331139506	31.749249633189006
84	384.424227523119	318.4294661851312	492.6264791503387	38.73330547058093
85	879.2637559091687	844.1564803256005	901.4588140933948	47.773704654395345
86	544.5742234870036	890.3568258866167	928.9019555526905	44.78249211878635
87	626.0049922685057	861.8897419190347	1046.516040589672	33.88564322567677
88	643.8227753621954	864.6665372125369	817.2762105977192	45.29114613936576
89	575.3331389895038	492.16121503833983	199.0679295470454	45.32668970982559
90	665.3466740665469	133.47304020376603	870.363677477722	43.173893486687085
91	-31.64401176184786	-40.19849059597889	709.6780792489304	36.296772058074
92	292.31576372799236	670.7817435211193	830.9673669013669	38.22679656126314
93	475.3683676864332	849.8443689299695	907.5383147657258	42.61577869850843
94	566.9395339942769	799.2985771017843	846.8931847545714	46.74460585754855
95	617.3470968874366	867.5065637428621	161.4058008624921	35.55767261940241
96	-7.230487493598979	598.6346970207665	289.97993593351976	40.3434443858041
97	730.5268195829265	333.5352118299264	32.57177438072608	46.360652966061295
98	367.28410882378057	352.73933524151244	456.2249760588459	47.00522501835455
99	36.57711876969894	286.96312268668726	550.3947497685766	46.28353919192324
100	-33.02261488174332	149.03089350185027	0.399649594220314	32.99992214627046
101	454.8843542585076	795.9397007872346	530.2385925201951	35.94290416124492
102	747.9177812802844	505.4786539763147	667.9512891352083	46.23174628391823
103	653.2248230273068	576.2172894102076	830.483860920926	41.6039877200347
104	372.98188146340686	263.54695304934904	1011.7929421557835	42.87678546337084
105	621.1635778257119	-25.806413289757568	477.4168524499273	30.759047056859274
106	250.94172531949084	212.06761420359533	870.6727045745127	37.515500078629444
107	830.2780428072149	-27.886411453476903	522.3683181135517	47.821138153148254
108	301.4420888317117	51.91536224153728	695.6333618942259	35.969627843266935
109	93.6086612375899	20.1185464145002	840.4379600775704	38.659570616381075
110	790.321972950537	381.56151099102993	169.1086147436789	30.928766527513453
111	16.121713218875357	308.5899643865433	672.5314537707483	35.04004025138552
112	883.9895254016814	340.6836181371356	516.400446527524	32.14777163129928
113	608.1261952606347	227.1819690617217	140.7005838267839	39.81762899784556
114	787.4710043362093	469.1647407312471	715.0868713783918	39.335857690244836
115	101.91001891822006	143.6515119307287	753.8514596236283	31.691038547815303
116	594.5644140848246	180.0739260535069	703.0732372319633	43.26489789698233
117	231.85047147322894	322.4525327971921	209.3566831821048	33.26507026411846
118	805.7616071525565	516.1227012764438	605.772710131736	37.66252990152441
119	613.4850649447282	638.432680378229	698.3786644853471	43.17106631346296
120	-13.39197203517896	351.400197902888	784.9256659848468	36.01425295926074
121	160.42574868111234	790.1035042568734	642.0808469145436	48.2366853206499
122	251.32955901063087	10.547075646227128	275.8611837997225	36.94544543750063
123	56.36994070893894	466.396039496841	358.1546634931971	34.56571223389497
124	841.7979829279552	617.5086399187059	205.8279109904473	43.19873002616916
125	253.229780631665	349.361721664013	81.14669105569322	41.763619149956995
126	19.867155189701833	659.9420546469761	-35.2637728946435	47.7538271123575
127	383.2987684055113	332.7443265033388	766.0189215660143	48.330464906082476
128	166.6122379336213	354.42278875070764	490.99296850360565	30.185316053625176
129	606.7935274891174	812.4800465585372	250.1061496811327	43.135338140651776
130	834.879981062628	424.55547569194437	636.6074779184455	46.1635779836821
131	61.53302941173625	624.341240774645	241.5186299981915	36.25187426078327
132	539.7559688815101	195.83836525621666	642.8166892345347	42.561737692842
133	-3.4501771096400944	762.2285045713377	1031.0294230572317	38.731435721390774
134	806.9985381381658	525.1032644667736	996.2380272955004	43.154147605900114
135	132.06007152593256	250.7895340808646	90.65310915166569	47.64512556824431
136	383.8263646840133	423.21554582651277	511.832304425987	35.75741441841157
137	289.2817254122913	493.76200211861	29.224122301088116	34.389172899244315
138	500.6262144039914	878.9706211587419	240.63417345950785	31.854714572065134
139	534.7774974327108	311.07182245467135	580.8931253267972	48.162161213383776
140	849.7198949444107	451.7098275819513	946.0237996712012	40.23417117580895
141	700.2737430471508	720.1638014785261	80.16601938329939	40.06522218897983
142	398.0268598167824	743.8188095100465	724.286649020016	47.36504552035927
143	121.97992648924591	43.922501229169086	382.78038050423885	45.48094529820904
144	771.1246150740712	279.04872354367143	27.47794761893779	46.86978453831581
145	351.860814314084	149.61078386915844	421.2377921632161	42.66547317401384
146	13.372881597466325	236.99965603679988	275.314727858462	49.85455983620071
147	407.34765286799825	174.2582935036316	457.2587462197116	46.35132670551461
148	653.751641740338	228.6402694053363	498.3749764756616	36.683907666089645
149	209.86672296942993	898.1064419870672	1065.415378998253	46.630956499783636
150	187.71826974767336	145.00909133426612	214.91177081599727	48.07992122079761
151	333.43299574649456	197.7790138465208	481.1442985428404	48.3584583559017
152	695.6067857864331	16.060384677114854	255.38516706147857	30.92774335616071
153	842.0190660447496	-18.566595144350313	472.0470534124596	43.105621287902544
154	868.0359621412915	-42.150298299973	904.1708531127799	31.796151373792043
155	356.10330315925916	15.093085092487996	249.54624241807846	41.548310874748275
156	464.4161708844499	395.8187062653193	16.769092164925965	33.26135968923818
157	843.1773397223185	228.70077543219236	284.1618067637765	34.348777549157035
158	-24.805503453242025	526.3568791215221	857.3704948343117	38.09322148957854
159	771.0975634001651	411.93358312529085	138.71357563767293	41.311572587920324
160	595.69931018959	232.04375670759055	141.0153306304173	42.697638417332065
161	421.3793404975634	57.077123468833705	989.7872179429112	45.46440798577269
162	432.4627975740931	-40.09191810611704	33.78624747806474	43.121262355850135
163	159.0928763775313	603.4502268752232	645.0038079354974	43.61783252625176
164	-22.480021327150904	249.08575347794897	415.5369890611544	33.8767432751305
165	471.9355860505992	216.95264240862144	669.0820946876269	46.94870378662602
166	478.15979433151256	132.9491262889611	892.2179782307691	42.45593551568146
167	-18.459296481329844	388.8500252906604	-48.0160851728958	49.12730158440077
168	242.88453029711968	340.6604037891065	884.4855629348791	45.68783092324295
169	639.5520834933009	713.4776431415467	554.6817383868856	34.49592709196214
170	408.4823899609175	312.10197601010884	316.0315915326235	49.178022465353564
171	180.33756549912965	288.00980512189864	942.666662741192	40.06724387157491
172	664.4314847855838	813.6735423317446	491.37634194430234	42.805427351810415
173	424.2682658025004	314.23828259412704	-44.83816806370489	34.16362867255918
174	495.14188877744004	195.5304069490211	132.24789034111083	47.71366409202214
175	34.46225335603765	831.3657937007991	649.3059187199702	49.569711644433966
176	106.77918966507579	-48.076801181155375	483.48523271228646	35.834543422697095
177	279.1990208658102	111.79348973067803	776.8627624293146	38.746365063074336
178	202.11586771980953	413.0635795430452	1069.7315687188266	47.28485730644631
179	662.5300164018823	514.2089354746702	182.9775165958787	41.54301566150051
180	462.23090660119385	232.42470682605074	715.3870217277278	36.18923384418501
181	751.1644972672702	251.0112357535557	319.70661118789144	43.29485557986869
182	707.1549104429	-29.710165847315945	729.8884535906983	42.120659513647254
183	167.8471920626988	596.3118348547306	402.320626212442	48.03338653347152
184	804.6089279801138	311.61391218318033	598.2608987906831	35.99063646123273
185	858.4778169269257	107.71237572070694	375.3980459301418	34.03355804521146
186	-35.39346268836992	833.9060881946623	346.8431888573108	34.39982947238752
187	624.1068531248753	99.80108866023835	298.7713393229108	42.46292372265337
188	637.7692164416803	642.3194950850691	655.8855001397571	40.375663308901636
189	330.63773855859813	147.39801449437508	1061.1652868541732	42.0971861187017
190	-44.7488139811021	526.3494679621418	435.3837462942914	36.34195000310104
191	762.9435276975032	632.9436957658335	845.4021851885366	47.61981479413322
192	381.311656962781	531.0535963152623	907.1286859188109	42.5164658609626
193	530.6411723715671	453.6582881272849	838.079674577848	43.6833084137599
194	406.4583704920204	276.10149609399787	1014.0801068034859	46.640665170120094
195	661.818426658065	-25.870302586284218	994.8892779035527	48.87947750124073
196	301.2650394207423	547.1235277955069	334.2790342121043	32.67147855120397
197	522.9512199663958	125.50593683834504	151.832787273003	39.80683990281115
198	10.692031427420162	564.0632820840406	746.4733039288969	42.08601976410022
199	19.414791225048077	675.9627733253633	630.3265183193565	46.651534418804566
200	605.2366644330713	592.2535454453769	761.872526220635	49.007036574405596
201	268.4702634314941	855.9889428604557	176.84093002618621	31.745077532440703
202	682.4283811470517	247.92327858192198	773.5911075661819	39.95503902784909
203	629.5172249520441	890.2867237946326	1061.8735889305722	42.36604272244369
204	389.61359188521834	468.5420098174975	895.55527992633	37.611066804631236
205	27.152662294447097	-42.91608149681308	271.10313837358956	38.64195297119028
206	207.15901513424865	691.2815528019494	480.9849730019147	42.66437426850034
207	593.8030874555889	894.7391231670679	133.02420527981218	41.96415955662974
208	340.05344621871836	84.64978326552045	44.88648481426307	48.50314767142534
209	112.93796213593009	472.01985524102577	161.6390638154341	36.03016148793862
210	59.37484382936189	-4.992590579006986	-31.232984317736992	48.69552786057308
211	181.81345591924912	172.90589635111886	785.1315639279997	46.19732223340162
212	402.1368178677834	340.2327142662953	372.24321443864466	47.05051041429843
213	667.2036880569786	631.0464034188668	391.684822458057	42.36663443515287
214	784.1039921584601	564.4171547097285	728.9049027431125	46.6050214932128
215	747.9382631440924	140.61936489354937	474.3057973886174	37.67936894206991
216	889.2486055718623	112.69981169631384	963.7901252724249	48.53120970385277
217	588.6535253235533	465.4472363445269	843.9250984778699	34.935665618524354
218	566.4496234597275	677.6239961030361	966.2787862613669	44.19541136314154
219	622.5386756298979	881.386828393122	451.0494360481669	49.41679969377384
220	97.7752062182189	84.81340117665681	63.4508669512099	43.75507098962479
221	898.5712480433098	820.9184061553939	40.687250714984316	36.289008725717366
222	69.61972108299719	130.23523782413633	328.3610788896966	47.249386038986636
223	509.7352765964546	636.3413453137409	151.7045694844455	31.822145273208704
224	-36.072511380414674	624.5811145468059	754.1147010928961	32.41265406703118
225	496.3747093158497	170.02599834751987	142.97341116892474	33.93162313543662
226	302.06615185532223	-36.53400489724258	469.01928672122233	34.32441413085071
227	235.79811257896785	50.2347551368738	294.9347666525258	46.46772906850423
228	317.1246266853857	-21.844857215229517	411.4696608868783	43.10562362424521
229	546.6862886290576	337.9302308881368	481.0812984645927	48.87550752850774
230	217.89222028924303	669.9782012542719	173.38873838150292	44.57480083876495
231	75.49226466480572	434.72839531731955	193.8174498716692	45.950983441424114
232	617.9469586846004	559.7161954615793	819.396804429701	40.9232927812153
233	28.45222081850001	496.15059269349524	337.3808075390589	43.591284035369505
234	164.3802370952225	687.5890458119635	780.853683719903	37.31352603707271
235	158.55974693890477	783.4612774531563	342.20089505260245	33.02050217648465
236	249.1282906201198	163.0105924604183	63.308165651899216	45.57266309814874
237	56.5888093235951	356.1676825655994	331.9096107019037	35.97122286691104
238	217.55098998153778	622.2089572220743	346.1922434982151	48.78333615625667
239	240.8249535514468	685.1741488290339	1072.6664123890705	41.38894526641271
240	814.7374239172716	748.5612925545519	499.11707906993195	41.91105159648582
241	571.5058719725481	865.6968929265487	142.64931037132519	43.749812675214464
242	588.7419458500257	218.61261417890762	857.2908700044986	33.20519218170099
243	828.4216831799919	314.01549527371856	221.91352518822492	42.833097058558465
244	60.058329617911966	345.46006009026434	59.50936480761091	30.47037001389599
245	227.6371587102795	860.4787685133415	106.03192273258409	43.97740016602145
246	-13.345077698078548	668.4059659316143	546.4664136402616	31.398505372029064
247	208.92236988173602	518.1394803603179	974.1561567163678	39.368854073640236
248	849.8667666906168	298.8591377979838	324.1215898677783	34.98508330284175
249	183.8431290504006	142.07169482454452	77.72652029679973	34.21012274982351
250	434.9246127432367	641.5375911491222	33.581289166575175	37.367917860566024
251	292.66413902066864	179.7258336643308	99.99717243188618	47.42612608681934
252	744.3201687040702	549.6988480454364	864.7066796971662	34.65308509771356
253	387.697961327083	870.0542866673544	873.4300854025988	35.60903667343561
254	195.44591691293343	321.97490754070895	403.8572613912688	45.767469420742174
255	225.90382823996902	327.31264818795256	378.1350825076422	35.018321633202774
256	113.2397723280933	675.7314014149639	365.0830974384889	45.716744197277905
257	155.4937825747641	-25.397946340804	426.4448612697936	31.085710979243334
258	541.7008379424623	358.2651293489466	973.074756795303	37.18539299192905
259	516.8989488515284	835.9946042104623	34.505391985703895	38.290938323090316
260	154.4047423798375	289.6008494779793	719.751323326166	40.14849002841572
261	791.1178913556109	364.09704672456365	868.6497229488168	31.255043682387228
262	77.9077384735268	515.6175216658403	667.9844275849435	36.96677429519377
263	25.94848660471233	706.9479831493526	35.196399365790896	40.20145695558169
264	-21.92312877835578	287.0543698718374	540.955470835818	48.00367888474263
265	478.10229345354844	104.68195477847286	11.013336472020882	38.960889200542496
266	125.36417398641026	433.509240636505	150.1562982789901	42.73817791061356
267	257.2420102067058	632.3872257600216	377.0264656126296	31.274263798750596
268	272.64210941371005	17.029730542577624	69.22593272813855	30.409298379463454
269	834.087940478045	457.81177942287883	781.9568527370851	45.271123204931115
270	261.7130396327015	559.0052917378688	511.7138581657739	48.105869767819314
271	297.7824589366032	645.7331666436609	176.8367199889796	44.93989670604863
272	871.9103201172832	439.86389278589786	4.804890583545557	40.54112948518419
273	397.1803721322012	370.73299569881715	860.052709916875	48.05275774810511
274	806.3045026511031	103.52145270532768	325.26815978509546	49.41160415495292
275	30.821254493623698	43.164352894478924	358.4622038783389	39.59322629669225
276	258.6055149618914	604.7038305856353	738.1715107394446	45.05054685852413
277	650.9643767796312	6.70427016332512	747.9889885924183	37.76684411576835
278	415.48734219663766	132.6031760764782	708.3588003338708	31.472632453994084
279	-10.807979729784755	327.8035954133266	498.0196680194157	49.30804386955249
280	790.8093411076732	517.7959662648594	245.17698522734906	30.409803937164646
281	347.44639901752396	251.68727492166562	913.1974679493518	33.09359386839319
282	319.9083116392109	535.2867186172101	706.0738865425583	46.383389797843165
283	233.21147817663547	819.4918716306648	899.6874340563926	44.1040341575046
284	532.000911848522	169.86190728420073	597.6575420184978	44.2637480824073
285	439.59661002107634	569.6338449614668	16.82614021811729	42.28107555317886
286	325.7091371033108	462.8486215396108	799.9678325880644	49.1353683354216
287	639.2197701900548	722.2714045056422	356.52383893972444	36.492487570672395
288	185.84551003846875	727.061816256513	869.6741482437772	47.1550843052332
289	661.2711189677442	534.5634161181606	214.8892535541337	41.27494249037733
290	86.02851614314753	396.03162845798516	1072.2499146254781	40.56403178823884
291	287.188854576133	399.3732213015859	933.5271655885733	30.869786295498642
292	448.72239478265135	116.88494254906158	987.9418495382893	47.65369281791794
293	70.0822235666568	333.8662237147767	886.9922726280741	33.369278188866566
294	473.74024836481783	289.32256660340664	955.3305057252754	43.72362145567758
295	480.26075256496677	284.91177299956615	694.0417227294009	49.38973911879869
296	354.4846258102442	718.6531358772859	525.0972384807742	37.087495477683945
297	45.047083317292234	895.668779996523	257.8740627654807	35.662647728129905
298	834.9093901975191	282.06974718483707	87.39383706080301	33.160942994607026
299	183.21109477624	710.9195769789872	253.23953700692738	44.80812784005841
300	805.3546248623135	673.2911723819724	673.859611781032	43.575766784090064
301	564.7246402031102	855.2580755807237	826.4365898582521	33.49956431379423
302	8.58850035344868	272.1510195075399	255.7824083293645	39.14141642249649
303	448.25365288108435	830.944252089389	780.6238184995498	31.321823551197888
304	92.72551025109809	787.115183747934	670.4797090758582	49.03157547038182
305	164.5031580891637	133.3622242164326	184.43512920049236	33.14590528552114
306	715.2881411928913	713.3445893134007	866.4797396190885	33.18212990785918
307	499.1183071425885	234.87990912736012	758.2913662697024	43.56110962529176
308	865.2674324417925	164.9077532613183	158.77438300799383	46.05954930280727
309	723.920822252983	712.881758481192	768.9878493033086	30.078789348128055
310	625.5001260515926	-3.2164815214016826	690.5421867113071	35.97547418421402
311	875.3451021738418	112.40206087280293	957.99415566763	45.12189476764081
312	369.04160532971787	50.28716380340083	185.6336639588467	33.64189410756684
313	463.7098366839725	608.9302497072443	933.4762940558625	32.815133032889186
314	392.0291504926862	403.59827001225455	838.3655508022533	49.177847206018726
315	-43.73123143437688	313.41351584193956	676.4841017641593	49.23766592758231
316	432.9250498995918	595.8509309530995	93.14502158669058	46.93759818868373
317	179.6196161078355	271.8223665815453	187.6858917772693	44.5240304882328
318	389.08728113139733	874.0229744546356	-30.507969853359786	40.310559950360414
319	211.8628520735095	162.11138937545903	874.43764120664	44.161213107344494
320	479.42715313226904	545.0534222855857	817.7907523618629	37.262041245542086
321	465.3018821457065	320.64080563864934	382.34231284540647	44.194709998040324
322	563.2420499678244	321.34770914981084	99.06257085595712	31.025045421886738
323	459.1275369343634	6.21012492078453	113.26788995575708	44.742963157391635
324	165.53117440929162	121.8800158178889	812.859011383348	45.35048942133761
325	134.54626133511888	876.8555982839077	397.40260965860665	41.824407749468584
326	553.1371967930625	283.178841130087	617.8064745961944	38.6757204358407
327	553.5541101407068	255.6873290424415	542.1348540527047	34.85142827475876
328	543.8895196731272	473.8909290569503	846.2437374615371	36.708840640250074
329	653.5750675776987	566.8027743700274	917.0227327299165	33.143712892806114
330	137.9444734453279	726.3319453556755	833.2975597276692	44.560997689119546
331	459.588219329096	853.0016195557895	540.0670692111236	44.865840757373334
332	830.5529554809692	378.96411695846825	645.5488958655673	44.965415878485345
333	718.0220143929082	659.4516373745871	-20.779562481775024	48.92589855122977
334	601.8299826113038	213.09978438016776	64.47296716827834	39.47627596573231
335	-35.875071718652	25.966692009994006	8.561681850563374	47.85885877580772
336	161.37432082606782	29.70177458946729	38.620234847983525	47.851008044553865
337	885.6093255782583	272.63615570712614	94.95516755924973	36.809821753739335
338	-45.13619089714869	748.9843895976294	599.3952295689677	32.85221543345198
339	596.6259339251709	104.84799989984413	135.49148345098092	37.06772849542311
340	497.0214114046547	381.2955667967349	21.746748823358658	38.27016878921576
341	-5.689770092632756	850.6689822337531	327.73494339944085	30.02931053877327
342	402.97906787777765	519.8975337705759	838.7770273747832	38.07860936160644
343	254.51303055262986	705.3999666410447	39.065068094642086	38.75030250288169
344	300.5737368418992	678.1704674021277	-46.52073180722972	48.186452637892415
345	708.0800691183093	132.8982649914873	81.86744703684536	49.68132533371086
346	-4.447778943795868	498.6822320024654	577.6623046544953	39.11239339886113
347	772.0017828287919	215.68784951535093	520.4148007350042	32.489692314887186
348	827.9311650402864	661.1118741740387	388.08451071277193	36.63816965801314
349	235.1884428354141	225.12158136038317	442.13193750970953	32.74710196952425
350	208.9394684980292	713.4387193199841	1004.6062870612448	33.05213204518518
351	396.37330159130465	39.95227056233567	73.69798387172796	32.53743452468447
352	625.9302598033997	250.57389396739933	882.6940844942147	43.11901724543401
353	437.22684174263475	249.95034492016055	316.77198436835766	35.106557838271705
354	247.59585133659908	485.7122030587125	333.11204967173654	39.90691165726742
355	437.82359143280297	284.04602096225625	881.8375632651264	34.25661069966398
356	892.7388811017504	612.5687814286736	89.28907735278	40.04036491697346
357	566.2727752216343	160.65934670763926	693.6524727981609	37.6802451333118
358	881.8236983333351	327.1207115094856	449.4641286589795	33.639597092904175
359	-34.91957197162844	265.6134092651424	782.7189449600875	34.9897364618991
360	531.5655863531434	775.9507907002167	689.327459202508	36.016118474794254
361	312.839227896636	77.05546442141771	780.1773564244571	36.494964308006686
362	870.2252445423994	510.6339562154029	179.99734348872184	47.27456813569154
363	-29.219900656499828	313.63013765464706	477.25353949052146	33.040432943361964
364	556.206130848707	860.6477645529485	60.43118100868371	39.92012543927768
365	806.9524569274971	542.9240351680107	1072.4252669714713	35.08656720274221
366	628.5603379823823	366.22183563682097	302.0554699548146	47.709370347781714
367	527.3985179347319	635.125456977829	551.1426331833155	36.06846138373959
368	738.9758212994507	143.15151246665215	643.6607480644466	39.84794390349087
369	468.94187935025093	797.212762383742	197.1868333693416	43.53541812508004
370	-20.30933515423468	881.0651928623488	990.6864675870338	44.22602971627094
371	469.0895645982896	626.2524492627705	175.12465583788727	44.84618761451222
372	226.0423429477973	453.1710415759747	516.0128114571968	31.153784311214686
373	217.74010980769896	435.9911296275704	242.25629869449017	49.58857491141842
374	675.6503831476305	263.19778745070414	520.5370573776623	38.98691051506717
375	754.3182117578776	564.6360257274514	324.18229677799746	30.295404374900052
376	62.111015314526256	356.33491813280466	849.0675622169647	41.88008432004169
377	69.81843846614424	280.5208595687007	152.2277366450451	33.10666521275034
378	515.5239866173547	619.016146909285	115.1435833624468	46.748971343129796
379	866.3883320276582	105.29869802480567	953.5806197120178	32.44678341914284
380	667.8400974920859	595.4500038885006	964.786644675181	36.35567844776439
381	103.69680566082272	63.33995111406027	682.3173845770135	42.48180873483909
382	539.991770976584	601.9079176367886	110.63262786690049	36.462355898636886
383	652.6387611325739	461.0061723449083	1011.707618507603	37.571978541007226
384	-31.39317282691977	36.615991330819455	455.1290228441789	31.89869803883386
385	627.1740052271506	116.88861740335932	595.9028227672142	34.748266661042855
386	702.7250217926439	271.401964558156	811.3546192535264	46.82967675636278
387	494.7325053114838	781.1207035512367	764.000791194077	44.42288655805191
388	373.3450681171722	879.7515862261632	582.172479778548	40.46642679471811
389	-40.600487873466776	662.6044378626137	-47.819019174563465	30.80428104532635
390	353.00239632322393	561.3996881495978	427.92720662669973	36.005562058396535
391	667.6300388322129	279.2553523036147	496.47352987936483	35.01747771746548
392	745.5737038198077	448.58730229745987	744.8757745648854	39.57802400885042
393	720.9686165866411	365.4371754958367	403.5573128051464	44.764987818396804
394	381.92533201130726	840.2880200917837	976.477968547651	30.920823262016587
395	673.5767744008582	709.1681031966131	688.4431179240573	34.82191907726184
396	596.9122328682926	803.4185560393552	775.6750728469826	32.01441970322626
397	94.57504363769942	-35.668544008636225	584.3099257998398	36.81166600075805
398	742.8537755008042	853.8633719585025	-18.48420177126759	45.09126228476632
399	98.63064947006666	30.799672137184814	978.0001975155205	40.06814519094989
400	377.4343480653664	387.0732002418347	-40.462735345253016	46.999024174618924
401	774.0782325132777	730.694444169015	-22.38821307201058	49.89179884490982
402	726.9193577156243	677.8501723717031	232.75610081900624	32.63943049228949
403	470.38282386936237	898.717798077376	1023.1395089797832	36.81894279113164
404	812.3930788578822	32.11670449910861	528.6369552688592	49.03019416060112
405	830.0901528888278	664.7250726940628	1000.9133969446634	31.18549361770693
406	-19.396826368152748	459.98769044217954	605.1018753085767	31.823345929531577
407	720.3329143381128	160.67326455045534	365.45993544112713	48.56348187655271
408	747.0281336398778	717.8888254582284	116.43274997841937	33.827764125717174
409	-21.682622582854773	296.36908922811915	355.61678186009044	31.86653492401305
410	179.86956262228637	850.7830693602729	658.6657313073581	36.463781402000336
411	536.0351718799011	90.50971326214591	714.0044514929101	47.12359431370223
412	389.9423577695558	-41.71826032610796	688.5812717188753	37.874771862510144
413	-46.13712594757843	-29.191243539579894	514.487262662998	38.668050569767665
414	486.7447619821671	93.36372527402017	312.29010610649766	45.88769966574952
415	863.3578392028769	834.8806319056233	253.44804787570047	46.800807934131214
416	112.13590960502702	424.60123335442796	843.1230758121596	31.021986125742526
417	472.8131138611252	634.6294834043773	91.14321493643766	35.318852349874234
418	414.1068784761464	837.9691056761255	225.24551035175494	46.97930144342526
419	96.10631908131359	799.3845165505917	120.33093474414983	37.480580516494385
420	793.8098395081445	616.37507706917	562.2811332388652	37.20162387712584
421	528.9961752615411	560.8746083804991	1060.6295160672487	43.68252152312566
422	271.5437015978616	840.4090754258477	811.7024186834594	46.24341183634992
423	237.7964904301532	32.594841381923345	990.3553264255545	33.70575788637086
424	192.23718338186305	177.84854433520928	25.619344310278635	45.492786326538464
425	116.32698369023123	275.0232434805909	555.1970414005971	39.227707845125586
426	411.3468191911244	289.9481518511623	104.47996133715628	33.440449469773945
427	560.4832008673276	814.4934765436342	239.57973645625054	34.67501333941259
428	590.7707092659363	728.2733525308381	61.53365459373431	39.71049976316387
429	480.60461948920556	-27.137092231284683	972.5501592263583	48.761476988984505
430	836.1725737811863	468.74375908200614	737.042378687022	45.74716763527577
431	410.34331232241266	322.42983883942657	523.6246288158252	37.37242299201267
432	668.4205363058923	122.5743270243236	406.76196459263053	43.10899641197307
433	809.4907205760106	56.660376212967265	526.1316206986537	45.673644178922075
434	96.20383008900424	469.02484401316474	168.152901456979	33.09524493892236
435	758.0632675248911	221.05193874123074	58.90407724911182	35.18438135786829
436	490.1753575748536	821.2904732858674	977.0401196902253	36.54248210191252
437	631.8719414807169	235.50411224289473	610.0087145088912	35.94299910488856
438	59.926080086606376	28.262069377860684	786.1973367176938	44.62187388774117
439	460.24533474035536	38.981650090981006	720.7917376953061	38.327806416227276
440	410.7608733910886	651.628713481289	89.81417377849655	34.82106954611712
441	-3.3225431268400456	683.0357949874095	404.76940601294564	43.83766145405626
442	57.473820193257325	607.8161891947515	729.5388467534704	39.09982257158484
443	532.4675898665972	154.72193938185507	614.7932954202788	42.10793159149023
444	85.9313678358393	318.27950347025484	447.2498218011383	31.04352376806226
445	57.64053218062436	554.0474780047407	999.7461888944556	49.25020718110447
446	119.11210463870268	526.7882526847387	582.9889472301073	47.93025973012462
447	557.1045536176301	825.4714318833335	610.3298647247968	30.402328689766524
448	27.35639324958349	165.8363988046723	25.307758258036884	34.07915830410333
449	663.2609163871334	437.2838469393305	928.868797200506	47.146907260107454
450	226.6801114852588	343.478983728349	221.8833001940297	33.26780531071387
451	826.3228518531715	426.9290294739922	890.0576916247015	43.44693915764077
452	210.78216611469935	308.3909435113378	490.9458757872994	43.74592605686691
453	93.65308581420658	222.5965751897275	621.6605502698224	45.55019621028005
454	126.15954862078135	515.4339057086559	106.99028192378518	39.64199148026703
455	513.5889921072247	830.6112547983615	985.8899901953894	37.59551941019468
456	677.9883309740485	17.56479474621497	417.0347166047791	48.76677674606119
457	191.25458066431483	323.66256438615426	868.1962379901054	40.886034448808324
458	450.83174933599634	291.4721416851114	743.147493777046	31.516759857682644
459	791.3856032940937	887.749244579417	1025.7269609281632	45.037462616235686
460	343.6537732054839	154.81867611623707	429.1228069150602	47.25780249289936
461	784.1945097985483	651.6763934726637	652.5717931383693	43.62134306832979
462	805.0724287769025	292.1824419015556	132.06336286504308	31.0783440103836
463	212.93288739532153	662.11188435673	78.38127574364009	43.72556233585879
464	806.7237209061398	708.4108813622331	351.4097974359695	38.15609835924419
465	284.56031325284494	622.983378809774	843.0095305255859	44.349062912736116
466	680.1543544087206	523.7369661643293	615.3084367601876	45.67107656514582
467	831.360879989704	321.11379409565535	427.1519321726988	49.94636307215731
468	341.30642022807666	439.850836369811	180.38783124542445	37.08215054974508
469	143.35369170117525	538.1514567750007	212.47999472718118	35.59838122359254
470	411.9753558902314	363.6191335539711	233.66990191627036	47.49671757432568
471	128.21806722379898	345.37785602784163	449.2430982834805	34.49502755251323
472	386.8178632178944	496.4433723271602	782.2237063871223	37.281907232175826
473	822.3295509604459	318.4277355247656	197.61011934299773	48.35426688224486
474	202.93002260267028	766.9397635176418	460.0021919523554	46.84652377788076
475	39.49181587609286	551.3213371866491	988.3870954431704	45.34184733546611
476	21.54876488315253	834.8294481208508	901.0938221393939	32.68766634712056
477	731.1141055680445	868.2539487271205	277.6008080626841	40.81883033010803
478	498.686696114637	446.7467433101559	659.4677168120547	43.664523641055574
479	697.7328248836158	120.75899875997774	361.18549743581144	30.572375623680212
480	361.00603644209167	295.28925177180093	25.67909375791335	30.448131361353965
481	677.7693914610818	670.4399529872952	415.6004093244229	31.84770705572681
482	231.8348623077381	737.0180858506174	-41.32242785044999	40.619125125944755
483	537.3937255084358	721.734606065762	-18.50140389498084	45.6656370198362
484	188.84323469825424	114.83803981854751	286.9514331355765	44.92230703608863
485	79.24186179640458	886.6181812155661	1076.1463933063264	43.82364233559064
486	482.2077732020323	710.8110012769027	1044.1241991480708	34.74239244244605
487	501.40893329500443	227.72536652075644	505.217656580445	42.18673753886689
488	499.06662908077294	396.81623711329746	643.1023872825742	46.36977452812887
489	391.5013198619433	542.1839349261387	137.5309737634751	46.772209993228444
490	-41.51773083814896	-3.9669214635223184	319.0163067474781	36.524694644094005
491	51.65717816809881	575.4920579891384	483.54262404812937	31.68586590983186
492	91.69412142783605	587.8205315655363	-22.127083926741626	32.28619118210938
493	308.19975293382106	117.16932981888891	577.6082453799589	46.11449552031274
494	882.5220199094487	361.1017460093074	713.0385836415011	38.80370597771781
495	681.2669207126804	274.6652319126802	638.8414681588577	46.10337284405338
496	296.9945674909924	870.1664243240818	-20.45409819969594	35.46636012918091
497	897.0701393294136	-4.58486671802563	451.92677799321484	30.545048891762686
498	526.7658499350187	856.198154777113	138.57867895440927	49.15361263295426
499	556.9222614240101	597.4082098716505	93.87284213889703	45.57252851356467
500	248.38536861568173	841.5403772836647	260.74045683796925	32.933914271471785
501	200.9871308227761	516.2461880361188	814.0643465377754	48.912637250863405
502	188.28386655002166	757.7758351723614	939.758754104638	45.17632242557359
503	478.24071152855754	165.078584249861	177.9933132514863	34.2134040822842
504	347.5920014814511	283.7821275756245	588.9050590644601	39.21607760393492
505	596.9533503066111	41.758314957800806	7.705056104068213	32.446576626529115
506	515.0063194096733	117.79737214433172	349.5209684218689	30.707416214166305
507	826.2842326351471	212.5094052564711	375.9730228074937	34.52767543784524
508	569.9517582445474	-13.902407940970889	497.9044241292945	40.2653848534551
509	251.82480146596072	74.31969644267288	855.7778830125962	38.16380945395257
510	119.6747213147406	465.82974558685976	233.4045261246469	34.13348518347756
511	477.44654356279443	256.1206137429173	542.7246465735644	46.58245788192356
512	421.15018275911603	267.11830041601615	806.396871207744	49.40294085030551
513	575.4171568541178	163.8441865654476	1044.3130612726045	39.821718967119786
514	121.19120780492386	852.2715661943563	914.3395044465186	42.64844557798236
515	2.061190384186581	862.9313881180136	749.5355762678098	41.22543284561652
516	-22.480095133243918	508.2910822743718	667.3497802767307	31.198899113765663
517	641.5661215568741	690.2155675493669	376.6242629947673	45.40843980333889
518	203.87716411472837	491.09972766324154	76.13666671756057	32.21671618674158
519	362.7894753941391	450.0791383230148	249.81572425265227	47.29755324146671
520	-37.67904504401831	200.1852133874396	185.16577368013827	42.68450303799537
521	747.9750076404008	253.37096181920776	727.1321195225753	35.50838518412534
522	596.8899125827054	860.9489553163422	555.6351510318392	35.28046564767821
523	218.12022804258004	442.68401861010034	746.3178829149224	47.296715562827615
524	326.50941285976256	614.1854299519092	355.77608661117574	42.91888721358933
525	762.5289853285319	531.7391189966982	68.9356921486263	40.65577153055147
526	868.5973229656651	538.6255697074603	194.63898162146776	45.885563571316794
527	727.0622864034407	475.3485308393804	241.40706943016522	46.05349521173244
528	669.873727304369	618.4460677356611	661.843847569721	30.82322382319705
529	339.9890941850294	-25.32315763296029	90.47440724266184	40.04445091805917
530	832.6803605167279	552.126497402979	388.1370661136566	30.487020637450826
531	777.6717392509679	-47.103249335394224	215.2297692267893	37.029999637219944
532	341.46970535515754	281.3959094367333	814.6181333499395	46.27218949387411
533	603.8060078382524	413.78469182560144	-8.106142549991944	37.97988636075151
534	438.5479379820236	296.3095033444367	27.914140934003015	35.254441923529555
535	135.02775859389732	601.7936164762548	833.7047991350014	37.21486792980408
536	781.9103453247214	421.4312738796058	463.6520941520221	30.19998806267852
537	164.0226740856336	871.2542592821862	37.59849472043801	37.80134578546227
538	24.097329040055882	286.89144400869	122.734051645681	43.4594115627006
539	637.1533078148344	198.37560059145284	87.12802193086597	34.008727765485325
540	567.6810346384732	814.7571157996945	133.11386242269796	41.33194651024016
541	612.1408654944469	133.06202049212658	579.3454841078699	30.05989751739559
542	1.5827037678970513	663.8834861234856	1067.063927069904	41.658972299357885
543	223.1259938723794	781.9108454298457	541.2272741779523	35.250353897049166
544	626.5925489851954	673.1309802813591	1040.7112355934428	40.0772768180671
545	524.2990503970963	318.609381179197	777.8398068107367	44.74514204338578
546	301.1746041359906	686.2254952305906	114.47278057402275	31.094401375280604
547	216.56212374573738	90.57715103669187	889.186840487456	49.07878036918297
548	222.65056452972078	658.9334437342155	521.2984318167918	41.8148273139236
549	145.886764623884	305.08757860513714	134.47676962979813	41.5584833602021
550	455.2070788196398	158.96559126696044	653.4316741251906	42.88294307381855
551	99.21086965844336	718.6226406696426	-34.9412831114889	36.33395643382781
552	521.1283814696618	826.2433677553204	406.2229580565539	31.768896823911398
553	139.6667779178561	145.85354963701485	932.3112499744736	42.88371357343067
554	85.45969582429134	-31.13598777894737	407.2720691000672	35.31614321996392
555	295.48509271771724	554.8515325730197	61.54455903106388	44.551782612967486
556	813.0561859901837	573.7627838383893	269.98267193698337	32.345989733245204
557	316.8402239620484	106.64743581430412	324.22652480450546	47.74100542930138
558	870.0673695899937	452.978204000647	20.975526935022756	49.75421708125493
559	430.9879650128833	226.4156229994673	457.1171981625668	48.32198768239544
560	731.7421448955547	130.65969691243575	158.52669080951213	37.43096965496971
561	12.019776402387713	711.2055134952562	698.587517722192	35.08286951481745
562	108.78686253583726	495.0731520407089	694.9024380743919	38.26633977190947
563	629.2251317695867	466.3395342219857	343.60623579628384	35.75532537831057
564	110.25691425984436	731.7140041672102	37.243435695042976	47.942789018001605
565	774.0600554018187	265.5807474210307	1063.7547948486826	30.273061365962437
566	-24.845027180814185	557.3567300708919	268.68835255580444	47.52614091428873
567	645.8553190158108	448.5449730146722	55.69550415287269	41.364557666352766
568	227.24747935496077	244.95113825316537	232.6532221352931	48.06796518659497
569	104.45414942891736	313.38718495422364	1003.957319617829	38.58782983909739
570	131.59134364523808	497.33863334042485	97.74693391607664	42.66032274643117
571	387.59332932376276	-26.46468349812548	-40.32040113087476	35.22892852031067
572	857.5352271311241	-44.62393581316748	-11.94483255531479	40.73535403917336
573	788.6418559143971	206.15586639288728	20.137699149732896	34.19311779603197
574	792.0643886767168	542.8231427191081	398.6867784482814	48.883245369496635
575	129.44030189610802	601.2307143144957	107.08066423872557	39.379232342650496
576	-43.86483145293968	850.6762689567786	938.8673400097973	38.212351923838206
577	819.4311054340751	13.882215749398682	643.3768678569536	41.87575288584911
578	208.1270355652444	812.940968984625	211.6264066357931	35.94769312802408
579	773.231347060267	119.42168236075418	636.9679515305086	42.413585129404
580	336.9968379671408	44.67934339633301	1039.27256327583	38.4207712979493
581	-46.51709503279376	274.11630217610076	725.818605324509	37.49850666846164
582	299.442733031043	818.8353363255887	297.3978584770731	47.75548836041091
583	142.82337876067515	67.37345079335385	797.6635316713205	32.28676735709522
584	38.757790966996154	740.6682838608983	663.7701760559733	37.60321299649763
585	594.5156357588988	527.808643477962	24.417655100079656	45.01287040802208
586	195.26773646156624	735.6723728963501	1075.4662030996121	46.08835988148365
587	463.7576973966769	-41.24441944187086	896.1923762885122	43.2704223394015
588	150.09676605617662	55.676790137021	582.3533319066244	47.94335331471457
589	621.8684624880033	-22.146259384987978	-31.348003574090175	46.148787270336506
590	447.6152245258338	111.66079409748411	427.39287678423267	32.65416180446362
591	198.37526390127042	568.3856187027576	55.37513835627634	44.44588152320639
592	156.09433795183244	65.92094808643847	312.78325312721375	34.76717099609119
593	48.76854829747242	66.98149034674917	125.81212132019724	47.3732135060078
594	765.578154159908	557.0757919427291	281.6957542663507	44.06622775459876
595	141.2634000236952	689.2437834755698	705.2038867156183	35.93300370036135
596	200.86775384720633	91.73710746343144	21.701948954703482	41.555712772861156
597	734.2797401912353	338.8297511644209	207.84155906682292	36.84113854195796
598	53.310112682373315	868.3727202621296	468.3847624895045	30.313456330019687
599	90.04922577705415	743.0070156124905	976.1569737975854	47.766950037190824
600	505.32797601316975	708.4353149095086	633.1943763542291	36.94926707696601
601	-47.54113833057747	868.6960791940319	562.5130542188956	42.687192098344454
602	757.105698254864	518.5050288580983	-14.821889891108917	37.18390114190802
603	728.1338544106891	508.41345311739656	222.27904530524796	34.21602094044869
604	57.948825900949274	445.6678837940793	584.0196714771025	48.27598259953815
605	821.4003250452802	102.27399269560834	-19.02810728762034	43.09061139825239
606	726.8952878944408	-49.74743553289189	1058.39756635068	34.79329081835885
607	557.7070650216172	309.33641894636975	631.9911898453903	36.003359614610446
608	599.649250638437	689.7353300737825	412.1774646640393	34.585775477456224
609	381.55552478209955	267.97788674795663	513.6944395560881	46.03287105360201
610	795.1522083224374	487.22341416610436	835.6730456800567	37.87952346239227
611	510.0440800352443	766.4139551821607	324.7593397717435	38.44142842653479
612	833.3392464012993	178.01963619891723	635.3419033981602	34.87930333254156
613	748.7477922458008	312.12298812830613	0.906935031684668	34.95811086722497
614	721.9726837759742	771.4618093150814	61.777690570444264	44.852669868907526
615	41.86843066529936	330.4849617277791	708.1778668833426	33.870521293241694
616	674.5319497312976	341.787027669694	465.7231507070127	45.65914096588638
617	875.7171154489598	332.429992313706	801.2161539702332	31.58141604403805
618	209.64320440569298	272.69968036403844	892.60042803758	32.817841394199874
619	75.45852437941033	751.3277131471386	954.8897493991758	38.51751836417288
620	680.7417518266328	457.3960867699601	94.285706015833	40.031555058316954
621	221.0242396852572	740.3804295151864	1031.8544320940757	45.315754613728565
622	-30.907038463372444	64.40775673114774	375.54340393975264	36.88525672744948
623	603.6652407436911	410.7121323735979	287.84372807106814	32.844219054347526
624	-5.197759737349848	382.8382083566849	223.44009474494618	47.14537494093233
625	101.47852592869907	630.4729649948025	484.14111509701627	42.2364848727331
626	158.736471653592	216.5418576842127	-38.37816160546051	33.60984588165364
627	630.4968204176724	146.76050230879412	575.7183384380544	36.895018750365715
628	62.62741763662025	476.0089851340176	983.9799623662466	36.76052956400116
629	439.47215330651034	552.7533261204056	288.9065120642148	34.63775203727992
630	449.18828149460114	5.942917233251151	25.043163221238657	32.99750937331866
631	468.84246647689065	-19.142282338315994	445.72130422336335	42.62520721591653
632	210.96286992093786	168.29122199825463	87.03651531796302	48.84316389670913
633	799.8296543288186	511.8601334228988	408.05164020703967	47.16127855192453
634	615.0163151882692	-15.747437163143523	1.950368330468315	36.372806537167435
635	442.94892918006775	598.3680714902783	213.73071751237478	34.02531381440452
636	677.3996756318352	858.5118785383833	580.8421439663754	40.06839684931633
637	807.3650732160681	275.2702024260317	293.4905781663312	35.18782918805049
638	786.4309670718384	557.1665344927187	811.3024626492955	42.50531609610047
639	577.3354479534765	333.29089072792834	543.7785427697039	32.881134070926436
640	248.47908669055073	69.00527896832133	866.0556997035629	44.06314671071208
641	665.0227475061018	611.9773969039027	1029.6781368243835	48.3742247561555
642	148.19342164535377	884.0495038283758	941.9164702262053	47.61266063333429
643	89.29691989038417	887.8844590782471	-44.61827145081071	46.72857980553522
644	596.043986416077	455.8660863004182	939.0565913190039	32.901099251135015
645	631.6371185751593	449.6258286696445	-32.465971159349714	45.422851491320344
646	-8.424861318652681	881.9539409505685	672.175580382541	49.34509216865984
647	486.42675054158076	408.5465985346714	174.63637980701938	44.54466449098702
648	451.994226672703	176.16802089624517	693.3248039024609	42.5541219518411
649	634.9805411755364	884.0919308350664	368.257077565172	40.4419088791234
650	109.77572538832038	-22.657947596521705	273.93149856105487	47.01436925923112
651	601.9319335033483	146.38301021563464	333.5283880317348	35.19915852870356
652	712.5284473052398	157.86729674679546	456.97045724318355	40.05847889287765
653	315.8021400602904	492.4980898287431	895.3481484327735	35.87406381706587
654	623.5589123484586	644.1135087742708	779.3453623328543	48.99343808986588
655	432.8049891258696	334.84589314630256	555.3776764339497	40.1175856095904
656	416.0619533599126	231.91918424816066	332.41768692989984	44.27410869179427
657	891.5316766781299	231.37855672636738	1037.5828983944446	40.836650064355695
658	206.2362528963718	-32.18269216034578	773.1928255063272	34.98150345372349
659	880.6759624977673	-12.927597658337191	805.5057137807567	42.0816077648995
660	304.5668182810766	587.0286543220168	588.8677979223855	43.83745264754286
661	154.43063316091082	454.1271236291212	672.6676913143376	42.2691601440367
662	831.9240384489392	202.43044512885191	721.5755884964016	45.87236543621546
663	229.2252069639249	-41.820811472089964	699.8510277804302	34.96082322973927
664	224.40218168483784	393.95716939098986	196.39187995104982	37.831462175663106
665	772.6272532745484	185.4928127444714	138.2109048143992	47.746978353516326
666	855.9184233471402	599.6699362207149	773.234383796899	36.05448597693013
667	31.1762793769402	457.0788798260812	350.59757817593305	37.97086925156884
668	446.35839769336854	17.531821928902517	9.424411959100809	38.248460579800295
669	830.8431215118725	115.65389900296378	778.3217953637147	48.593185637963714
670	739.3579785540722	629.2414552720853	706.467096899363	32.74552100225919
671	401.1309302371122	484.027939328573	125.02913391335088	45.41415855826994
672	831.0523111040644	632.9464877480405	46.8247318431216	33.200470848069145
673	528.2609825178234	-2.4606298936037803	878.5993249109229	30.306907590317792
674	538.576884468223	58.3974483165927	736.5247741808859	49.95845334104915
675	523.6985537687307	860.1503627901235	306.00421659069326	36.68831913501309
676	820.0979578770305	299.2817749360721	132.68522779956106	44.71012110556895
677	701.2704905999245	727.557202800095	9.23975672180579	49.51952082753416
678	102.96290483487061	871.8290689310858	804.874642268313	33.12937785631226
679	592.7545838983739	387.67027414193086	764.4483095869887	38.72727861372797
680	818.507587610287	846.8049760486543	1030.453020161485	34.73184521155839
681	164.71539242441162	324.3422242854866	874.2067452084091	41.408201198643155
682	557.3522296204761	421.4200166761729	46.60055370461683	43.938208453669404
683	776.2655654121514	519.439993676355	384.61588042923387	38.54255616646401
684	150.55389733165748	104.01565597564439	1022.877197336762	30.14182377189927
685	859.5205159731357	54.60573745525964	715.7691652658854	44.9737157153085
686	781.8786772545769	554.1912560385307	761.6075475433136	33.47765300761629
687	236.04684972026985	773.6032972995912	800.1324215343906	35.67062040706011
688	267.2805774817377	399.2196986867935	101.01006412651213	46.96665196214154
689	710.272000968534	544.5725892260659	202.19436866021786	31.335909492751526
690	565.056233043203	443.72597848192015	729.4053836377047	40.471588609532475
691	497.90496382140896	209.02359683514578	884.9306868362958	33.87732515008602
692	584.5648248949584	506.5095637654747	493.647078954083	38.23447542798623
693	262.7688553016781	300.7947380234167	24.037313290303473	34.643886813779524
694	179.70750163296248	694.9141917045515	530.8830508940529	40.68688375353912
695	225.88401395968828	842.1041733741803	338.2176711037984	31.60031734083872
696	575.5675581102187	324.38050225716796	754.6308753029326	38.4461479505164
697	589.629427457212	236.46260678036452	682.9011490196342	30.047834324125105
698	427.84164633638306	486.03889722697136	958.1389275780248	47.091645889212714
699	687.3106765485601	759.0605016169587	576.4584486154857	49.72538378095639
700	699.7747250003262	632.1158016999176	1065.4700446992113	49.335430644824285
701	795.8311659544263	696.3986063889174	518.9318628262997	38.09415062522245
702	644.7980765340999	699.0343524994109	749.1648697159186	45.18042070089369
703	757.2674208718361	782.0070541748624	935.1883079856863	32.43942573343126
704	570.4734393316006	596.7870066179216	264.5024576099121	40.06699988064027
705	125.35401572915387	859.4003010783125	719.572191393585	44.43324577671185
706	98.22389556415041	359.78884017516464	309.75752004249347	45.91965102943548
707	526.1520754278871	874.1421259737352	148.94655924787347	46.952469307111585
708	106.06624888787184	175.18152353025374	369.1843584518233	44.416079193878666
709	489.36623343666395	0.6118889418725004	335.9246314614914	45.86363467963412
710	258.20115821878494	149.2832834272594	770.3292351716007	39.07511492281771
711	825.1500602514972	164.98413305203724	749.5874727792722	40.10693696565886
712	496.16705615452304	-48.75884578318166	-12.425900449821683	37.11988881843734
713	637.6568962394003	173.07057724142723	419.48497503419605	41.568955543070544
714	84.36504278801004	663.7756473311531	315.8432763773448	31.826851412687226
715	875.7550267328614	510.6799149608803	28.705707837463024	32.714538465744134
716	721.8708921053104	349.5315459399644	1042.7904299745994	31.28756358805685
717	630.8357454847704	743.7062714201492	418.9581790833629	33.41542846277385
718	254.52912810778554	26.930012435088628	1050.4071708270826	42.425632408937894
719	-19.21330792942607	542.3049124616317	704.1161223020121	47.6419948853953
720	65.81374940409879	664.6853677795444	3.117587087908589	35.30896613121122
721	113.28871258546283	183.50130828218724	600.854717845799	36.67400309934729
722	75.17930400771257	134.62242251818634	237.0590328994947	46.67134762450392
723	446.7154252233155	670.9307121426135	421.0823505075429	43.51481848084772
724	-43.56482229355156	292.76898939901355	1047.8638339322088	49.7603185625631
725	827.5644296511017	103.39050120968463	715.553540325084	49.959661440004645
726	299.3107796660045	799.0989187002716	912.7721006793585	48.195997236849
727	655.8739447511214	339.3652131000364	399.4946013706808	32.10034899382413
728	18.32872053177192	552.9179021612811	18.150365575689975	33.37977099570883
729	563.4425904164971	565.5884399657941	757.1259544915131	31.085996973785907
730	675.1459089805802	306.3116239393722	620.0714171353441	35.083060486828806
731	88.93154743581243	21.87871120821403	410.4242807132894	41.84380531600191
732	148.41339746409815	153.32994639915609	544.9353804702197	30.774249612422576
733	-23.745921141413838	163.22772031478206	-20.060235140489233	45.59234286899541
734	156.88740755887594	171.27475171154236	460.7896789634122	37.79506145137194
735	158.53049802482082	366.86389746421355	239.32409898770783	35.245237404170055
736	548.4805375302152	80.3423670752806	28.157794799712335	38.13900009312401
737	270.16232200356706	517.7372125230902	872.8383489862243	49.8636653057991
738	765.8840206529767	-26.116882115577663	101.85203848620375	49.269922763568836
739	231.33283413112468	183.82962217004265	873.5718374404939	47.22099673467033
740	329.2019090704757	-33.92499435734925	429.8869590319425	35.85136013548635
741	-5.736986400503568	758.638637145063	17.0520295611462	34.887670289155245
742	598.776722472033	385.4342168136581	178.75802271262907	46.86824784067908
743	91.34876182552611	126.05909507233869	-43.50473532400451	46.06439371338684
744	372.1906648651599	745.4987767154696	382.56426105011707	42.02783009032464
745	263.89757442335184	591.2104986351101	281.0383840674035	42.42933093695553
746	449.7868902966238	387.1049378083479	895.3212734346645	46.16956323568469
747	705.187699516387	854.0381347877095	794.8854722488687	34.316642508984295
748	575.2277727456592	54.21580827914288	290.7705559353519	39.89140535553432
749	-46.944592211377795	788.2544111970764	1027.0239051535207	40.61027844208725
750	61.10782978643145	679.9787931751847	725.3102675996137	35.138041665281946
751	331.81159952952	478.8588778982987	822.4397632730505	45.24332383105498
752	121.3026403240003	53.63724307635701	542.5803195908064	44.018462480318824
753	96.2529799559029	303.91493084414554	26.489096831287043	39.20215128336703
754	57.67900445623131	574.0272992776606	549.7171169536491	36.968306138977724
755	870.5608642039253	340.3809041606979	892.0403874517897	31.150373949957405
756	389.7102521177957	148.30434595270555	891.5771673047594	34.21143274912975
757	276.1011381675147	333.34196488174587	147.95407534086095	30.010824935029497
758	670.5621474771636	888.613669615402	578.1884951040861	36.215694546025205
759	141.4925093974553	448.61301647321676	114.74191029342495	35.85563157313648
760	37.65024558772349	425.81429266103294	402.30688276422666	43.00479851416487
761	219.29990106549923	798.8069858021261	789.6551900320401	36.46940465318289
762	518.1431357128771	846.8184621695787	815.78116151094	46.77489763480053
763	66.7619102946783	359.52233508140455	1014.7508310474254	42.941710396765714
764	596.861061171448	-2.676330635014068	-37.365194729333545	49.05936793400021
765	761.8846939439867	-32.601074896750575	1059.3042891489677	45.60254346767374
766	657.4646101704063	428.546820421996	743.3614612730182	49.208988471873226
767	243.5159846048864	758.9108684831701	903.8788930554646	48.01238457962104
768	232.9794059144835	337.658937561271	623.6637241554571	48.665279096295905
769	363.5362965615284	202.43717099100814	705.3866278843763	46.18015080930887
770	304.94208335671965	795.2786771582082	273.5149074643652	36.61632014206046
771	353.4916928568434	832.4641634407969	1012.5530449284108	35.132486448666825
772	497.97437008449265	838.4139788035797	1004.1305211507038	41.28277945172478
773	593.6725110894993	485.4854977714423	-7.669685613144061	46.77827170038668
774	525.3644925363996	577.9117273966261	658.3120598231494	45.48086205731388
775	163.3099071578583	792.7176422440335	207.000739146954	34.50568406416517
776	-36.293425148469446	706.8258850398892	685.128578943038	45.26429748255329
777	444.6822949298107	-36.713982135765725	865.6298796103374	42.163140240004935
778	610.1745277706307	343.3351521650206	-1.668025161879612	35.478188685802344
779	-26.01264468488502	822.1652408324846	445.4876677272514	36.056562153637074
780	23.222993344612988	307.98540814927765	596.6822815278879	34.21871356353852
781	682.5108614754408	809.6971775173774	911.9561113246742	35.16208015492929
782	27.329090291068766	70.5396166741386	1041.5494234307196	32.867463247169525
783	662.44360860415	603.6514329716639	487.8396307606977	41.381472029667286
784	839.9922813581541	24.814329851091316	537.3745852790012	31.69689211180217
785	499.48704502560304	544.7462860475754	748.9096101560317	36.11605104764864
786	59.04911451098677	530.0909046402458	629.0247230989089	31.940825079400778
787	89.74096918086352	366.1903439042696	125.31862223353886	39.48687128169052
788	563.8761102561009	364.7229990512785	733.1964542504087	39.02783229960043
789	652.6310443459614	597.8836078900268	903.7764612065614	43.89600265856206
790	260.30648547684314	893.1460657033863	535.2547985536207	35.49829177193373
791	589.6042485667576	829.1571918031724	878.2272525010817	39.90165559368633
792	688.0261396480299	73.71593096550183	327.9297388843556	43.64904660741817
793	133.38664755086447	275.5224401950153	805.1598064909059	37.22592076927207
794	66.12482122981497	301.1468236213761	752.5181180823389	36.094219956276426
795	99.7294703549868	336.8655652667211	970.6781514438499	35.13206637777236
796	527.6099314570406	70.71601674035368	579.863501826895	46.14852678511346
797	880.7738497904663	541.3590688802135	798.6120620353379	34.982135476163045
798	869.8208855938229	502.9038530398857	353.7501863401476	34.4569036408415
799	238.1016170208556	785.1433006003423	525.1351514422994	33.843245787155126
800	-2.921426198808298	550.2768615298894	430.54408923673304	40.42608175381442
801	61.77526178308118	533.1370198175434	310.23612925242134	30.37717774202384
802	301.76080371718	68.94626391400641	996.071321342125	42.72262139691701
803	173.532318696509	121.65819495158681	1071.644060921415	38.95692342114544
804	661.0156974426015	179.28856162294045	986.3932639485122	42.47017185348282
805	217.558333724244	338.0691865769879	-49.16612833904479	30.63669911871577
806	155.83571592717527	253.6914394492049	232.36131219915973	32.067908815608064
807	496.3414247483082	815.0023775419066	250.45306993883884	36.93523556152081
808	708.6611912160537	607.2568047113758	523.2391623273187	39.01354924437665
809	550.2442756936938	351.64772376785635	748.3866840766881	39.828663738752724
810	760.2370770568068	443.78839573951007	773.0974137944662	40.1848708894873
811	-15.149980720287466	870.553054280206	405.1957275765461	41.010581513733
812	389.4614512925711	669.5167953534215	-21.694491855803268	47.5025832288776
813	608.1353779920298	406.3857629082458	667.9844914069131	38.58853340729438
814	112.86059238876598	155.58656139453043	986.1453994232313	30.763556683973484
815	-40.877082838488036	261.0354306220326	805.3395327882299	49.06194311241469
816	352.798560582665	368.78829389371657	993.683067272319	36.41548015124312
817	567.1857492124309	890.3711424621695	249.56061453150062	34.779712480912636
818	855.8390132123984	77.83073300873619	820.721011164659	46.02420136740126
819	-18.563559442217578	895.0331915431162	984.8718340231844	47.02759521655615
820	602.240725777464	132.02939155227085	67.79746426979483	49.802560288342754
821	724.5840632035458	787.4328786336978	192.29755603913364	48.150242124635554
822	737.3306432131201	570.3957867008835	503.45822883213634	41.20896983600769
823	514.3696725785126	817.4843299252174	1.9507685645068022	30.961509366305418
824	689.9084167673441	842.4844892631752	860.5115878048254	46.19336450850044
825	450.2330889489699	323.414981942556	9.849403900129424	32.87804773490548
826	704.3357359791123	797.8993253347982	741.0929697243012	43.62187504277099
827	170.12696849249326	586.5705242958736	905.7312239970612	44.90298024321106
828	193.45655847315382	487.1467162838969	218.60568501308973	44.9808508877927
829	836.3615389699938	50.81106316099161	693.2595754409917	47.66300318089718
830	790.6811438157996	824.2494650896275	677.4511692741884	38.489242920433654
831	254.0646161297745	682.5221403453444	108.08603555657544	49.31655644652646
832	854.2547860837066	191.36322423579	716.1420675732857	31.349280120362117
833	785.7094307118421	555.2421907521773	471.29142267350267	45.76323975401169
834	683.2645856697645	695.0422691286174	65.35681064880224	44.950546991377024
835	52.4413396965613	467.65155449771714	709.9967288062414	43.65753877135546
836	772.7228752870858	143.4997399700802	698.7248106339442	39.76557277472764
837	881.2480209215138	227.68298063279173	399.10835748003706	38.548238223820015
838	146.53168545616123	400.88029332753285	776.243410631342	30.209807205087145
839	546.9408990924885	573.871922521497	242.41352730661544	49.73088875002589
840	6.910784368715028	855.3363394714512	472.7616951399349	43.479249568103256
841	449.4211931636957	421.9861361971515	706.9308445274114	37.60505491633341
842	843.1652882573219	781.826693167465	267.28758534178695	49.175330959695174
843	714.8013373716125	429.6354466287739	778.3468700394378	48.88799056666362
844	280.4728279520879	516.7948149303028	622.4997772168614	46.50954439457556
845	337.39630974298814	216.8427348989706	737.1774304638849	45.66621126317957
846	718.4389461909952	674.8093984987611	221.4218669313094	48.686186122481345
847	459.1074048859912	142.39193816406734	220.81181143201695	49.940131440799455
848	102.74397141276046	350.0341244460204	655.297183433664	39.40692235204658
849	510.4302676591926	774.100535912007	177.54378709778095	34.29010198248419
850	401.7300405987006	439.80257864535076	754.9610071164213	37.58863179843177
851	615.424234197895	75.85859031013	77.76150539302107	32.15177387663197
852	314.14631653497526	132.32553328531705	920.6132810557256	35.21848084937969
853	594.1254813016254	-7.491920936649443	-48.48972335337521	46.896740797390365
854	689.881591529283	676.8828191374729	549.9931060089161	46.812587204764846
855	360.4598553337634	761.7737733146771	606.7283749675041	35.15639086229474
856	375.91116416070395	342.5465580780414	965.1567498139674	34.955852640295575
857	162.81801533691498	654.6556218655342	144.53510498778658	30.259947862112902
858	631.6427521864002	599.6278318929704	291.491214295687	32.33233191202887
859	-14.39406843247913	-24.4661148042577	881.9542779040727	46.66983333413582
860	821.7504307555122	33.340034901077274	-32.283300457816324	31.44417975249647
861	514.6280008590272	643.9234789760353	-32.117494239224385	37.05883715459716
862	697.1801265352218	202.43957298969218	150.37570472465208	31.73147714026506
863	870.3031586286758	648.7336571923445	832.9368443621908	41.74036906515738
864	494.21246001908446	425.85612152069825	1072.7998438971947	45.173361331919004
865	9.68434991287608	409.9453431964275	1048.8786817572404	34.930417077182746
866	56.722502455725675	266.1230252583309	885.6030509129304	41.19539971477985
867	859.983328341668	887.8864882633673	207.11661174105956	47.58212226319837
868	253.24391070386622	93.17269343072402	314.4577615021755	49.446298793165326
869	381.87756153305844	694.3675142407013	412.68604100988904	34.37725283321005
870	-10.15028541609211	418.2707122393362	943.3549285236909	42.08268793857174
871	-44.217006693165516	172.66521820792238	71.63835353674399	47.74932539689483
872	375.91458810900855	220.17731465133159	106.17506674804511	40.57615598672304
873	-44.30174551516761	494.46061483939184	462.7185748877273	42.36538074071234
874	114.71270147673758	55.04841434384896	561.1451392521028	40.38020005851052
875	78.8521580644466	245.1520240022059	885.1704208332773	32.89191624737442
876	425.01436361452795	895.2203396068451	252.24430215805904	43.45297786559071
877	870.17106466986	116.40647148224949	890.429098257107	32.55543910187794
878	309.6454086906231	44.70809833580323	1034.4000732128436	42.93426304990513
879	271.90642463050483	762.9116753967744	996.6321603260608	36.706011285199
880	126.56640875525457	243.47828724700236	-34.04519329264019	33.67798362880818
881	649.8878951467024	780.031091340084	758.796195538621	44.97077449797365
882	397.4707213701036	466.7484015831095	21.364533826194346	44.118408115383176
883	270.45734717291924	431.531097582322	22.795844296313973	37.44184969983496
884	809.6183087917005	376.9051283396325	443.84433622458147	48.62083174970522
885	199.94273273238875	859.6732781345953	244.89328619870423	42.82057302399174
886	314.41268492632554	881.9513949855946	989.463326338554	34.913680808381024
887	784.3815991343197	655.2020966335928	19.107315418074904	42.41974855795134
888	405.79125074868944	798.3360887914514	175.9679851863108	33.94774570062413
889	43.68390737976297	73.76309103518442	171.8286504344139	41.32861680397623
890	424.7042778432096	667.8679792918465	292.5413376521484	47.502127970745704
891	738.7732601643538	265.7095099982037	714.0592097190028	31.825919048962195
892	119.5701046606768	680.9129929878093	807.2756751045912	32.78571905283185
893	898.0765324298104	521.9499130690674	1077.730866887295	30.889687142289386
894	715.3034506024951	568.0699066162072	77.18033798326094	45.908911383997975
895	3.976336623650326	-30.273988714362734	1013.6583126236053	33.45363152290816
896	338.24778437556387	237.8685773458173	856.3915242129665	34.44407630327269
897	471.8271144580084	190.64318801548686	555.4460696846036	45.09707803256088
898	505.09742521609996	184.06044211005536	981.8245186486508	42.034247678973315
899	95.03727977205631	595.1124883965978	1041.1253156982905	32.13499354667636
900	506.16639319699846	654.3913814134478	865.9215960998581	34.080945902790525
901	493.940673065439	376.41753841805104	916.4906836712789	39.59756299965241
902	339.77885645789894	19.627489798849098	63.017677291499325	46.26460203410053
903	25.060879191861076	786.1359983581731	911.6149653450495	49.583581884716914
904	380.8169193249847	311.17757428037396	1009.4925210767728	46.45439773689789
905	520.763816505629	756.7404900088338	607.2437617473691	32.56740335921413
906	748.9161342640508	19.992290850740915	752.6683731629353	35.940660558802335
907	698.5812399034975	225.86167247230208	527.7780004873468	40.820682400338555
908	439.0466369588786	612.9945928618883	806.2679026464983	47.8623390108304
909	311.541072872017	46.89414281898124	714.7751492743799	35.99646484404832
910	526.2430615059012	-35.00472876158561	910.4849843199378	46.85635611052115
911	775.1952767732724	75.22911466123857	259.46936261399657	30.418508998712777
912	-43.84765577494542	322.54084816827327	69.33894549657145	48.31176140211699
913	528.5876837006035	-29.47842889114513	802.757516046671	33.21609689997255
914	491.8732348993241	820.9635241795772	126.9376896257227	34.62849165346646
915	61.13009872176997	-2.215620729018127	967.6198746679237	38.068023641734484
916	555.7893022071806	711.3236111010234	1055.863625845017	41.881695627759825
917	578.2804006154984	507.6800687004122	804.3998353167691	38.363366243857
918	694.4121976303126	849.5053222105153	-0.9844510469267505	45.69628811208456
919	308.51834097515047	284.64795866145903	634.9343730803062	34.971300035931144
920	874.0546037877648	343.84113988479044	-2.0984818737335615	30.659370199989358
921	139.72098463855082	672.9623657585914	671.8354497767388	36.41961896924303
922	216.60663487529354	357.48999461895716	3.7132776209003566	44.531116400874275
923	61.97829014363727	19.820711335215904	1077.6629290205224	31.87508907802845
924	200.31721721331164	476.84628203251214	-3.5107851971562525	39.26786082486029
925	161.48090549608574	301.0594611031753	691.2715720673789	37.13718937974015
926	33.56890884433777	309.85421480022535	-0.4470952672673789	30.539100549206758
927	426.70756727206896	471.4548884108167	29.207112410156228	44.30044891875994
928	381.95860243090203	463.8256598415686	432.6364839590274	31.960322331667165
929	629.7436262111765	348.7202499844344	402.7380125412428	40.43868400710225
930	216.1939073555634	29.034212276148807	551.3644152054007	48.07149807134572
931	341.9721732360174	620.4322248432057	231.48887347213332	40.61253189874482
932	874.6611970611019	773.5343944031523	157.19841014710065	40.68085042964605
933	366.8287829407595	315.05478913352755	990.5857724628295	39.33438512116375
934	-13.779816549041485	869.5252949307691	453.2034360305801	48.365569960236314
935	867.4186193967776	773.7810473655927	1074.1916135320464	36.024338469227544
936	238.53348219010286	715.4830449860234	65.9040744219225	48.64061183993957
937	306.15510245277443	455.76738423194445	548.6007853460136	39.81512116505942
938	122.63355472431624	-49.176585577164616	744.5486533071382	41.329367382268074
939	718.1613187816783	666.8279083729769	-41.27708766648939	45.13222643117243
940	-19.490099180017456	778.8426379222979	274.76537171144474	39.556277506434675
941	60.851827298928825	454.1981576229978	498.4016867008736	47.748321759774285
942	840.061128930222	146.8313462796605	734.684623352694	49.56622603732903
943	575.8355214069314	49.342712866509345	492.15267457342395	43.75813621451775
944	730.8926832454766	849.9274933986112	337.2400588558295	49.44575886421311
945	10.590288247424176	122.5409670081801	466.71867381285483	49.89620445449387
946	723.0203914556829	-40.15511967063215	574.922622855587	45.04912957803368
947	896.6990862639013	593.5277835221893	921.4798390950195	49.117075012137114
948	56.656371052854126	27.19741975839463	760.6083838625746	39.75464698011975
949	432.6151139200418	738.7084445721256	74.3541324726782	37.47128986980463
950	72.29574418313102	-42.75977079957875	467.6344227683794	31.008339203792335
951	743.2958328963068	502.94863389472755	189.5802103818132	40.312242229863806
952	534.2634168947267	774.4285747262984	180.4572791528361	31.172908238917447
953	541.1294808680117	416.31773290860934	447.79971746176466	41.9013137866669
954	13.69626935585893	498.36789073233103	428.5116621961257	46.31289389290944
955	91.06460969827106	27.201720137053613	921.8150336418358	34.14274358622582
956	606.5762953569991	304.113718717247	222.36415782057077	41.13971897703542
957	671.6657472059776	560.0843870352359	187.09779132234314	36.8811289481562
958	641.8280758702275	165.05533517911653	367.8345090780551	36.594559707004734
959	401.20923514896424	133.25880349256815	132.62031523655816	44.821291971043884
960	350.2333479674317	209.63347300585565	238.3039458819668	40.603771605061354
961	419.2104586414732	86.65986723807072	600.7643534813318	38.47046786593946
962	728.6965076811496	65.69843497785637	632.8967424019526	39.693039797847334
963	515.0456408497264	810.0225873791026	988.2759979793416	35.20800276084634
964	19.180589444149234	802.5518354947452	691.0271003562905	39.70845923763524
965	300.52016267798393	518.6338276632084	135.14943090518128	32.2095138282609
966	539.9880700379275	62.75533659007313	431.8549377095269	41.42921042186144
967	886.4660532208826	182.21660809512662	608.2697934325214	48.18208341590754
968	26.20414758099359	-32.89094544053149	609.851798774502	42.37256281000425
969	685.0097911646154	727.4645897927977	146.00762209075924	49.28332141269934
970	-2.955615187681019	656.0677953995772	1041.3767321781254	44.518592848717134
971	566.8581366765983	162.8965948618215	451.46452195745013	44.01630786350958
972	391.8868739707529	780.0822753112038	87.28744578314033	46.11703851680305
973	762.9995357496326	847.1731863163513	574.5696404345663	49.916193854259475
974	735.3022490204152	245.28646476280574	412.7871507936139	42.81861336588932
975	747.7213604980262	782.3096169181223	641.5822586677801	35.17546424891884
976	119.86608393429398	770.653269153777	768.4563446918036	39.22123828286336
977	633.7497227512039	649.0087692979954	29.148739925260173	48.98102098518345
978	329.81552307882464	831.4952462558575	124.82298551719492	45.11033085800482
979	423.6193363429025	129.82234299747947	690.2530552468038	38.71867842093579
980	125.18179340382892	613.7304130005982	760.7477968163806	43.29148952242483
981	859.727519269548	20.194135938894362	29.54642450659678	33.17770883922256
982	297.6948201174573	794.0849157925009	551.7810870800164	42.27811728119122
983	749.3793795668768	838.9129139861117	976.743101977338	40.313986945082675
984	699.7723427945444	847.0273145769594	636.7538817997926	37.04660753758659
985	548.5024963492211	-0.7771497863222478	539.2676340723997	48.291771108576064
986	294.7934006547059	836.4939166228455	442.75884873602513	36.865118835942795
987	550.9169282034709	211.65993407248567	841.2398644962519	34.64605240181099
988	566.77049617144	797.3103064661155	948.563517958776	38.276761238914816
989	107.64114169163696	621.322732197688	100.62358954025254	32.59875965792715
990	220.62449775088157	138.8414984459898	346.3120754874918	38.5042760029514
991	389.3124270153004	77.5534898436959	118.06676560940255	42.48756585182638
992	698.1691920220574	529.727354834606	390.09824020257093	37.79630735649647
993	752.0590311331512	459.60388155252474	743.5738974677204	42.354016728849416
994	897.5495562182241	851.868109924681	754.9946124785596	31.01614651291381
995	445.083107484145	559.0175806683162	669.6148455331829	32.741225760076816
996	870.0068468097174	272.9198986084879	553.8395503643603	42.250518012459274
997	281.0531241370418	569.161733218095	282.24467399234874	36.47761806454807
998	453.82941657672654	384.04142467689314	168.66160326457467	38.28133087813811
999	867.0411731696804	74.69947370645092	637.7596920123842	35.92648891551448
1000	52.145704950190705	553.1850427739015	714.5560312181717	41.766474080837256
1001	661.7679260981488	557.547581643324	911.8559037405356	32.58241701998386
1002	616.6819998668491	767.4558281498465	169.0749238326559	31.295410944937668
1003	579.1892806237748	512.5623709870518	427.79576531315	35.35292791880994
1004	530.771345564523	110.58631906157476	439.5119206375387	30.580916543339043
1005	426.7480578520321	630.4621777829784	497.0387687895352	45.95989769822113
1006	507.815383606518	17.731685406656936	-33.44142272286729	42.88533710098274
1007	320.8170199514112	37.59696679728442	628.2706823439531	49.62948131863584
1008	613.1958528506043	399.9961124692174	194.52471716929472	39.23302362616734
1009	448.9591025884277	101.40760279157973	832.639247443761	37.847016906251056
1010	716.3787581438174	277.598409615145	-31.65568439732563	40.31241254226381
1011	836.5080037992758	307.86635868425174	948.8698970268426	31.62991155428605
1012	643.3001364779916	277.92008494381565	130.2709348157083	44.0881937786626
1013	89.47984983797556	39.43750048320629	664.4357867162882	48.58301637184987
1014	409.7595002116597	74.85056551929331	952.3788942463239	32.59544787979858
1015	-1.893759616540791	600.2591012389879	631.2870428810929	34.541389603112684
1016	744.5218354128295	259.8000817598633	328.9764266616902	46.18897851995812
1017	480.94950159404186	312.65809961578447	703.7157252449607	44.42382463669326
1018	552.2754683972108	727.4553812760813	40.967747848733225	42.09434755276249
1019	240.39902876775494	61.54804844015817	739.8932486258526	30.47092830065526
1020	703.3150640762321	741.141317658718	159.82114094236996	43.407546324375836
1021	490.8347495091174	570.2771420663269	-33.553570076905984	30.4273242987972
1022	101.21787224288607	695.6219095789982	705.4376158678319	37.06516226593463
1023	541.2160876217613	28.593712016520087	912.4100489196207	30.052506359655368
1024	188.39337623614114	646.2227031105776	1024.6061596952609	48.40409580639483
1025	392.0448803664295	836.2193669599737	94.12941850099836	48.34736008630129
1026	22.292084700699462	-2.6579095139607034	320.96962292269643	31.7562940028745
1027	61.75705417802877	-11.657809621893513	956.4593072134141	47.939725958856855
1028	772.4648641826558	120.01206280952454	226.72586945043446	40.86211856635354
1029	493.16789685039726	317.78896219779915	961.580402113145	31.374587521027234
1030	108.66813114737383	537.4544128971322	32.24106023060064	36.153712705420084
1031	25.194759010944793	240.32251198126357	939.9832774239204	48.55839922545335
1032	-21.978726751029104	715.5751848925065	436.0853571329573	42.11194551939034
1033	544.6807383580341	198.0721872127729	228.52764114995864	39.05507845565284
1034	805.1355898500337	526.9328072186145	41.26747610464464	46.79411139140609
1035	536.402669971852	840.412024417827	895.5455131968179	41.78822086460603
1036	261.9708517911129	137.69083181702644	995.2374841429169	44.75486146085215
1037	515.8028044580861	124.70307128942613	1048.7418335027498	47.74159801124043
1038	288.9124966246836	746.8818323079065	289.78943327994074	30.008073229012552
1039	74.42130606846209	699.5491654873086	104.84858289884531	30.082589999270436
1040	316.32410687876194	382.83965652237276	663.607636622562	45.99705260441549
1041	315.2204272460661	42.68559874301869	539.1210748423586	32.36395188042338
1042	560.513828930102	435.0214937642589	258.42830154252346	36.933771977683456
1043	897.6883982108661	463.5315336722889	166.78535296513644	41.491564260673705
1044	-9.332487131403134	597.6737899376282	167.09080787287124	33.180870945137784
1045	338.4046830997026	275.61608701538233	413.11915625455146	38.41793936419001
1046	6.674017032691118	193.2969874191806	1023.6374902634307	30.951154077026292
1047	676.2064574697029	876.4563046409711	404.7286683713501	47.19472370847893
1048	241.72400094573692	178.90504966375292	574.5287379805623	43.824232587677486
1049	161.48604051821934	362.0206632187404	1078.8210846180273	47.148664742212816
1050	406.4089244777926	306.22915908449994	668.2936355306844	37.562380672890924
1051	241.83633378997206	872.6921611872176	110.60263802937638	43.300236513939595
1052	409.36314921961775	660.654070731576	124.71440827962593	48.72791039752988
1053	481.892688572127	878.4397196682636	926.4796941083754	30.670028717060653
1054	756.9045090559407	751.7957593602815	700.4572755775104	47.98511623463179
1055	224.3554065240927	470.8346569212566	540.6425672371502	36.77194082641023
1056	716.9382678351601	155.62790052902653	548.3194607952402	32.42586339023333
1057	156.7219634933299	892.7272367673673	746.7101288395265	31.044422082954213
1058	-47.2729354176801	572.778782696805	-11.357342092514308	35.44327618399137
1059	295.04115425035275	465.203787503036	611.626154985863	32.69905094495591
1060	863.9001675591032	164.93349519474577	107.15151683387651	35.07350503015831
1061	814.2194543454943	740.44156878594	303.20152261260745	47.93840857153946
1062	654.8244180127198	103.35342461446658	868.594702268354	47.94743238219658
1063	299.3910113527144	692.704413813711	78.14734700513361	37.81973999922634
1064	529.65879800303	670.858520810711	1031.2592496766752	45.07972672976639
1065	177.0427169609938	844.7729682857777	644.4244068234893	40.3955215918667
1066	114.90718709611798	264.20262671538154	481.79232879232666	47.015350333963525
1067	101.96416122296344	762.4149521773521	1006.9950238246681	39.91614203120423
1068	648.9761573344139	580.0795451655556	752.1104360720338	33.13107426959802
1069	51.12080944619731	871.8255710989149	57.2658875600128	39.481866415356066
1070	653.389008806962	212.20095130239167	684.7411857621228	32.31936932281213
1071	824.4150750500021	233.08569911478003	-37.97288763709188	49.54844521489991
1072	785.3222606089311	869.740012884884	974.2982528054436	33.23314149456482
1073	152.7328606897633	333.11868856299265	892.7479465626218	49.01726371878842
1074	870.3297145129012	758.8171010932698	470.802876440309	43.91195359646544
1075	66.92524435228543	259.38252824360944	29.11061556774544	36.77848471130574
1076	506.7273856437488	303.0152925014666	236.61954192399327	43.30783794828457
1077	835.8234521540384	580.2428363450425	594.193224164631	34.78844837966717
1078	502.4732395280679	-31.47794510229061	862.2137886004821	35.430328006099785
1079	404.13998272397265	-22.183177886078347	775.7512902987846	44.81457662514077
1080	686.3748699991112	15.582124215586802	999.1584542114613	30.337168937851096
1081	784.0835441701956	706.6586308453219	382.3773176983663	33.577511245329276
1082	827.9380334136192	142.78068230136338	197.20570917970824	38.6480190831385
1083	308.66928758203693	97.27383120083937	174.9417082225243	32.626516387236585
1084	608.9478172242722	614.7817267525953	487.38806451000335	30.661711656958925
1085	139.3350049157098	879.7429880581399	456.56313889672435	35.836069571289805
1086	894.2558133056253	503.99749837957233	759.2334651638224	34.43059357500243
1087	781.8396856975178	861.6551682499627	281.72417574552645	42.581331148037954
1088	168.68064362702916	707.3232629189539	589.2044669908657	30.35696750402047
1089	7.496948970839412	793.0930725334805	898.8713582312075	45.05131573337265
1090	69.12899259064386	627.0295306165142	490.14594649437015	40.347829892903675
1091	539.1055933335199	537.8077918408865	191.70849099542028	39.407905797227826
1092	45.25544639117334	677.3870578829794	627.8288523150586	32.87455902262742
1093	485.7142735226747	806.6996747139276	153.3740160710578	33.95115025987196
1094	406.3836773223405	720.3191163195952	770.9231257321702	44.973991237913964
1095	219.34817574195847	26.848941592555775	152.3212536587609	36.56937046711743
1096	1.6302187601073683	799.8244797876888	1001.5995239245135	36.92258146799649
1097	42.60497508397337	648.7702147589333	639.3231890349182	40.66578640916872
1098	86.55492115724513	576.5850079966228	97.95158479846864	36.717177252853375
1099	164.26704652761518	324.6494605838836	196.88131246274753	48.07092208274878
1100	26.40386916303335	256.35991998472144	596.6496219712116	35.6583408744753
1101	613.2691200376075	249.16377458161435	380.1385251425379	31.634841998513647
1102	135.4235042806729	191.38586384017944	100.46976866214854	31.458613059921447
1103	532.2775719269769	247.0728855672652	40.77800496079962	45.97609986316271
1104	590.2792918080686	125.13289467519613	972.2823354337598	44.37115418543891
1105	575.6726422151249	574.5834459337433	734.919348059636	33.55063629168071
1106	53.87561489841457	-34.3067157469015	4.276787111086534	47.96658378650496
1107	792.2839973317504	183.529519364501	1062.3714881786318	35.29236038025241
1108	813.678721090401	886.4567462327952	1056.8487973116037	46.2360136503717
1109	173.9196617661222	506.47053445131917	703.1245245244334	41.883648349687476
1110	70.30294370354929	767.9291957757024	145.33956293698816	37.57754590613366
1111	466.9083356299435	393.0751662882591	951.4186779595815	46.29041354752289
1112	37.054924471961556	264.39884988513313	179.72267668635268	34.321674792538786
1113	700.4237215069438	382.3217912769134	436.3125006677882	40.37609016704489
1114	509.07296861388136	315.1509998054554	662.0658950784392	36.20678887358438
1115	154.8626684899268	186.97450835273992	371.97356371261975	31.556134478268188
1116	878.7700849080873	176.94992749878668	285.85092768755817	48.602809918042865
1117	609.3520671489324	208.76295807348163	408.91894123527976	35.3489419850535
1118	242.12805374424858	98.62945702672585	1026.5086642382564	33.67386829421467
1119	109.17108406721593	649.9382457916092	611.0317662563363	36.73160784535619
1120	252.12103412743681	807.2222454961566	599.2630777522627	46.82393463876399
1121	106.72280334360227	866.5025096440418	738.7249071359059	35.44252743011802
1122	801.9378288460674	403.89586167295226	829.2886448333819	30.982918981791297
1123	412.59160115778553	50.37476668475779	690.9152918520552	48.048274664681
1124	377.4291517208499	824.0973496920825	917.841816601818	44.761170522423875
1125	16.15940976847962	315.21701316200307	388.46286951358513	45.62473707966848
1126	849.9857396531369	667.757859296567	355.22894691316554	45.19290163849524
1127	214.89813631593654	-18.156253666865535	411.87194844129	32.21493384940688
1128	14.80602072757415	687.6026189886127	213.7594755360169	36.30026197670803
1129	404.10779508058357	260.48717406655	525.958277045983	41.23552150858737
1130	661.0656115763373	339.3721902880869	214.24056614547408	47.92357739072443
1131	803.2321185577384	568.4891003601035	434.5887003030241	48.87235218911941
1132	347.65515123730415	91.40284036644869	244.11997175648878	48.153955158885964
1133	490.56588352235724	482.09770842089245	645.39974094741	45.86694138192376
1134	823.4280523351123	780.6425488321532	1061.3283880608776	32.10312424900714
1135	181.63368691948733	259.5803168932162	981.1338814529797	47.43435340750813
1136	154.08846862196555	530.2834696218565	303.4052132103353	34.18094290094682
1137	647.7096379501241	318.05043753516765	710.4483098978263	33.57470020936667
1138	703.8126004378829	747.1575851175402	646.0844706837912	48.25378096106432
1139	-26.9003080130983	8.292543847812738	300.8034548716191	30.35710984041139
1140	76.79206570482809	455.56124698462247	196.37574149829945	36.58756116504081
1141	647.26990654282	589.6313931271533	520.2206272302983	35.72955355206187
1142	887.6130174071669	71.18217182609607	631.9753165420684	46.54765685131642
1143	465.8111276918477	801.8485564934041	320.97609410376396	37.714148492452786
1144	796.726447127778	489.42952421272423	762.9553640231112	42.9964492108953
1145	90.32205117616957	219.9978599363883	417.1853466700155	32.38522711988333
1146	763.3359444520582	546.4416110820681	410.99647157974533	31.765907547551326
1147	190.70188980587434	501.3312717733928	555.9445132526367	41.68769906666225
1148	-41.50103636048757	729.7505912553879	758.4874390589468	47.794657303381655
1149	885.752530095175	620.9006326087812	-38.32343807870316	43.35937143311925
1150	445.0622405700514	749.4420268940953	384.9631457074814	44.24552710483244
1151	676.5597513204541	403.9537422903734	701.3718358382248	46.9913946333037
1152	54.381253225671344	492.4266252150478	502.76840322547844	39.772510367890035
1153	148.0058514103069	570.9652091337352	792.2828991218759	42.51010181077859
1154	-18.27370105243645	636.1415157539469	811.1396524422667	42.08809142720377
1155	610.7554580400032	491.7598056644865	821.6398900726409	36.4958037958306
1156	693.8287584333943	849.955860313939	839.052363158391	34.49930171344747
1157	802.6734078314882	166.267826609092	929.6072202574494	33.57818341530601
1158	697.676589812609	483.7808586035261	284.98570474140877	39.76973814658486
1159	859.1080493283039	498.42358687471926	712.3586504700605	38.60984309132844
1160	133.48846112095387	642.8810677808566	773.0567584104554	39.240918160580776
1161	0.7889010896603992	159.8514554892406	739.0393343189224	42.44544746460513
1162	645.1468147196547	570.0275858113811	945.5550534331658	37.238000845609896
1163	270.3452072364435	656.6061096234067	181.32854031113905	42.204493549052174
1164	443.47903207082123	481.91526498995654	355.359123947427	42.0065593885037
1165	816.6493766005805	534.8884791443672	297.5459120185526	40.80933066027583
1166	505.5892802780595	466.0147678848207	690.0595774431583	47.470877335957255
1167	679.14947875293	219.73493270115523	189.13829070864324	40.00449420132416
1168	170.58664404016832	260.61296546766283	-23.644896155459406	32.66599728730256
1169	485.3976165777418	415.14170749205135	62.89775679903096	37.514467251725065
1170	72.60927964344724	18.523853574617405	1010.378803538508	31.820404168055234
1171	159.683281439315	832.1004852302381	563.0855515973885	43.06334344716984
1172	404.5287556348811	553.2631130589715	577.1199217177004	34.11696315971302
1173	227.35245275816362	640.7034146773406	994.1571906500726	40.7151899494842
1174	208.5429484366253	258.8771429106188	956.2071327914348	37.12918053975902
1175	811.8799424881014	261.7558776760333	150.22688233429662	34.13455473667672
1176	541.5185993678339	718.238110719989	840.2456534964948	44.63624345613034
1177	771.2887219316926	727.4269023233447	939.0118910370086	31.986422668977774
1178	633.7888647682522	887.821994006122	703.7367545265441	45.71157078090487
1179	472.38482161037155	-48.025529547056934	363.48203307903543	30.49541703744508
1180	72.97954290647021	573.6840354488977	524.304647382014	37.1684863815832
1181	708.2403875094334	515.9410997957094	821.4372600199317	38.646887939901504
1182	882.7851546367124	48.61773427229629	425.7893170251551	40.59313488387903
1183	286.1376538691739	466.13440910081226	29.373737317369375	44.82164223398609
1184	731.2842977909262	447.4698715329091	658.4253355376266	34.87942656114185
1185	875.301399722567	495.27733110213296	1050.726952536207	31.058610509673887
1186	700.0732005074071	33.622980321389264	247.12641462087396	41.41812274126817
1187	33.23571052763434	690.6808612846621	223.2651708268947	31.118544526466458
1188	328.36840663290224	443.0621374153766	802.9103708151235	45.15176225647302
1189	234.0987949612919	152.7420541126912	12.90279927979801	38.52831032500997
1190	431.3140665289961	470.5612451264567	2.781656723181321	48.3751595746688
1191	717.7195395605125	345.9782616979217	891.3161676710541	36.739160143448316
1192	759.1885585931534	113.29212952242585	847.9106607931672	45.61545105664954
1193	101.34600465110805	8.865163962830657	523.8556331584448	39.23632694107319
1194	558.6832685869542	395.7197177076392	50.77519630756596	35.18684159127933
1195	869.711314369895	669.2981193699226	747.954887456135	45.29663980394102
1196	422.1737831135646	338.7230295055896	230.90490090484343	44.860417102076674
1197	430.235493029755	433.0234723586471	785.3882779656244	43.042959197995316
1198	188.0583591733041	477.2760094061945	233.50610578740077	46.9750328847465
1199	692.8494350732817	311.4646026216962	332.2622896948591	48.464768648940726
1200	9.625879655741308	610.2636125964264	862.5623254069048	30.057239909262037
1201	260.6874138839602	529.2879341058159	1034.1621643999028	36.62106469415351
1202	826.1472076723775	19.722503520046175	1018.8376866645915	40.68587554126847
1203	118.67286097577875	407.9332669395851	288.82203268831086	38.904476512650376
1204	-18.44057632765684	407.46014961137934	702.3851923896461	44.029934343050705
1205	729.844355446094	-40.7902843395508	200.70457408914578	45.629831965005145
1206	512.2902564066185	637.4385122546537	28.218818523262243	34.88092017650437
1207	401.59095778548976	401.0180496027231	889.2869984757576	41.75240077667599
1208	557.9195726479379	655.1253620330804	757.9888733821579	48.101527517986625
1209	55.17363302178036	851.967085333714	788.054811292306	42.79934327244706
1210	416.668889365817	796.0690932830731	364.71546308734935	45.91122852894543
1211	392.12108269714355	131.7748525678627	218.88365214076157	31.097710690237474
1212	606.7066876195568	327.4752251073884	212.39752123083213	34.90556446851332
1213	784.3340796420842	668.3797143139292	1045.1266278627158	32.39968644387946
1214	76.60643149488519	892.3811388481372	405.53590398967486	36.38395293761768
1215	532.3217374326096	622.2075719516879	536.6121968335157	39.59283882152029
1216	270.3652711257634	56.367785035595105	877.4210746452355	45.79988540801435
1217	222.44113403371085	70.94466438950397	761.5251741956718	49.935876272355856
1218	487.4791516624108	360.15045187329616	834.66869260396	42.46958476468967
1219	385.502901176144	436.23226355281173	984.4419064984327	34.732982527412915
1220	717.7065254519918	823.6798615033608	62.85523539272691	34.3132846358815
1221	212.39676991719222	406.28446400752125	-31.797197567135928	30.50466886383177
1222	167.93446262597638	481.3364946022325	617.6352157067364	46.41904459597853
1223	784.2658501607884	493.4360797926553	831.7271657806347	43.48021729376369
1224	373.4858248594919	645.7433405630334	106.44103750894459	35.36827303763112
1225	514.2474044925491	725.501413540154	486.51442476467423	47.829709311520304
1226	215.67488789778605	581.5328286060264	320.91134758590005	42.925209301310204
1227	180.09455566523056	243.0776720580351	690.2466572051366	38.30708786433743
1228	361.99878565834956	398.6147620419427	760.3958403430031	38.23337450513163
1229	770.812220950408	391.7050028674435	447.81038183259847	30.690197306634232
1230	151.7284737037856	184.60422711592793	185.3553215691628	35.2936887095146
1231	799.5250723978061	761.7781366726856	202.1253882215581	33.9918334439896
1232	745.6034468216302	279.6436783333508	507.44357500963804	35.97044383589279
1233	818.9329854354337	889.7078815571938	883.3727555166621	31.7861113475869
1234	586.1830664224467	745.699418957964	34.261044499924026	31.299268373568097
1235	118.74356558962967	93.14951234874508	781.557157094618	39.58038173607226
1236	547.9439645002681	798.0955161375259	486.92632439953525	37.351054924113775
1237	577.5805240072177	508.63737047645	948.5942528885283	47.89143302716944
1238	550.1201393877974	118.88164438780004	764.0251146348435	36.236807874323986
1239	191.16226925043543	192.07949727261732	1009.9017422074551	42.279757363855
1240	298.29956037973176	370.7838824483332	721.6012683925859	43.238270432629726
1241	188.43817315061668	678.4325682411135	731.3580637987686	36.97996212249098
1242	455.4674436980222	299.38508584443775	635.9169027010162	48.89038283562893
1243	795.3210429293035	593.309530040315	1046.1934604580351	47.02700130997876
1244	480.17452581733244	862.448803455756	273.43730325888754	36.7228493128131
1245	-11.462920726999975	136.9893980627475	135.24000427838558	47.60703630224057
1246	673.2499891382851	37.95281301609009	209.66994003366653	37.534891654899276
1247	773.3092124455742	168.15819083596628	85.21864265147786	36.93942483952498
1248	12.230059735450808	887.015915326788	18.407539844139052	34.4260161689578
1249	253.11282475664154	-43.70471598518027	211.58655207829042	42.42790538355418
1250	351.2905241146022	845.8638196116228	236.3993147139214	42.80444749801897
1251	380.7673272885018	63.84810770967849	1004.3083179439041	34.014895148581815
1252	47.84600027930087	460.8699916678343	1043.2204076579003	36.79394998011649
1253	286.9291851645521	689.0197193350693	554.6735768084138	36.92284037896027
1254	261.9301928079628	829.0261798044547	77.00237307457404	35.84031955117427
1255	309.3912371490393	602.4531987137208	1060.6985707661727	46.08244322342088
1256	636.8208741715408	501.6903252582747	390.6990393884789	39.7859879546958
1257	786.0909777797183	452.99033732836887	290.536561538112	38.724867039149146
1258	587.3410106980734	644.0349710207628	818.5758027862792	42.646837498234255
1259	614.7485363408427	380.5922637474871	979.9931002972862	33.23402710586378
1260	157.31016538581756	301.3644083659722	419.62235040316807	43.60260208969744
1261	122.80546169706938	229.41508026793025	263.21474866489876	43.45374913472543
1262	223.80022114392904	827.573303868253	410.95711136420726	37.26020270528607
1263	687.8891423078448	749.5267758633149	726.5400450647543	31.832668257151404
1264	547.6509959742364	399.4298280526421	410.09333638209597	43.33901182646497
1265	443.5382027976717	101.02172044902841	-38.99626240300883	37.49981404639148
1266	456.8254766026469	324.07139143516594	-47.79151202623341	31.641129875937388
1267	813.1004884914717	686.5765313427065	996.218818608445	30.917004552099456
1268	749.8695256678916	550.8763455011544	208.75010781817826	30.09507538193975
# EOF